Counter	Image	Merger	Myr	Viewpoint	# Bulges	Sep	Flux Ratio	Gini	M20	C	A	S	Sersic n	A_s
5	isolated_galaxies/m1_fg0.3/rot_45/broadband_005.fits	0	0.05	0	1	0	0	0.498652823751177	-1.788604187830502	2.769775889098499	-0.0409084818020836	-0.007820879112069414	0.9008	0.06418671777145156
6	isolated_galaxies/m1_fg0.3/rot_45/broadband_010.fits	0	0.1	0	1	0	0	0.5064554940966209	-1.727550071503265	2.681405042296457	-0.023274626606567272	2.6222677713456278e-05	0.8382	0.06595557418328006
7	isolated_galaxies/m1_fg0.3/rot_45/broadband_020.fits	0	0.2	0	1	0	0	0.4783848591035929	-1.750929750321526	2.6467985525756004	0.0014430119662964132	0.0019921607493744975	0.8611	0.08420062825737938
8	isolated_galaxies/m1_fg0.3/rot_45/broadband_030.fits	0	0.29	0	1	0	0	0.5126540764253963	-1.7658498908266276	2.7226337454505973	-0.011948306337722536	0.0039829318520752215	0.8407	0.07115167319334412
9	isolated_galaxies/m1_fg0.3/rot_45/broadband_040.fits	0	0.39	0	1	0	0	0.4888308089009559	-1.738570058246886	2.6136196545043235	0.014974554018868024	0.01086682309419192	0.8609	0.0924423167283026
10	isolated_galaxies/m1_fg0.3/rot_45/broadband_050.fits	0	0.49	0	1	0	0	0.47560174668604155	-1.7139095595780558	2.689097494406549	0.015565096910509238	0.008487078646570155	0.8738	0.068424610640824
11	isolated_galaxies/m1_fg0.3/rot_45/broadband_060.fits	0	0.59	0	1	0	0	0.5168989609253102	-1.769394341664447	2.732424966689752	0.03701515945054266	0.006868291157379481	0.9217	0.07984576535165176
12	isolated_galaxies/m1_fg0.3/rot_45/broadband_100.fits	0	0.98	0	1	0	0	0.520154604100282	-1.7495774970001423	2.708577203023792	0.07470533807811765	0.022076890500501295	0.9484	0.1210913160653139
13	isolated_galaxies/m1_fg0.3/rot_45/broadband_200.fits	0	1.96	0	1	0	0	0.524154572977662	-1.8290020378041607	2.891875902041015	0.0670055048384192	0.015867696954819373	1.3722	0.12318773083558213
19	isolated_galaxies/m1_fg0.3/rot_45/broadband_005.fits	0	0.05	1	1	0	0	0.4825736154377324	-1.7479159372955386	2.7803964069000586	-0.04184118004405976	-0.006579851301134352	0.85	0.05925960404198362
20	isolated_galaxies/m1_fg0.3/rot_45/broadband_010.fits	0	0.1	1	1	0	0	0.4875736128002358	-1.6817718375023951	2.6988169072609414	-0.034007024217677054	0.00523488112598968	0.7838	0.06278046917865304
21	isolated_galaxies/m1_fg0.3/rot_45/broadband_020.fits	0	0.2	1	1	0	0	0.4607306998278352	-1.6884332335552164	2.6622597182794863	-0.010551299276980968	0.004855677187093155	0.7699	0.05651094423759526
22	isolated_galaxies/m1_fg0.3/rot_45/broadband_030.fits	0	0.29	1	1	0	0	0.4905195959328366	-1.753368008840541	2.7553320063554554	-0.006925173821304635	0.009276928441954739	0.7889	0.08467102230395353
23	isolated_galaxies/m1_fg0.3/rot_45/broadband_040.fits	0	0.39	1	1	0	0	0.46909738206205137	-1.6898628555578272	2.6129035610048206	-0.00241353584752923	0.007356797066113764	0.7744	0.10595621131347159
24	isolated_galaxies/m1_fg0.3/rot_45/broadband_050.fits	0	0.49	1	1	0	0	0.4606914531562695	-1.67753223252274	2.7439933987637004	0.0023155653807891826	0.009102184618042719	0.8038	0.056433213901782034
25	isolated_galaxies/m1_fg0.3/rot_45/broadband_060.fits	0	0.59	1	1	0	0	0.4999244734076195	-1.7184640963298146	2.7101193393308516	0.03770733017879906	0.014717679642890405	0.8323	0.06090444840680779
26	isolated_galaxies/m1_fg0.3/rot_45/broadband_100.fits	0	0.98	1	1	0	0	0.5082845985005774	-1.729159960509189	2.735848852960357	0.053693225019480796	0.010990049391709155	0.8475	0.08914908595715725
27	isolated_galaxies/m1_fg0.3/rot_45/broadband_200.fits	0	1.96	1	1	0	0	0.4982796880668162	-1.774615334961386	2.874341037458959	0.05276104747391879	0.015395844320686861	1.1347	0.06596268025237927
33	isolated_galaxies/m1_fg0.3/rot_45/broadband_005.fits	0	0.05	2	1	0	0	0.4821513549377304	-1.7159792491782007	2.77082987730896	-0.021598492251798423	0.0015355946633851523	0.8476	0.047987220482450944
34	isolated_galaxies/m1_fg0.3/rot_45/broadband_010.fits	0	0.1	2	1	0	0	0.5021205553423681	-1.708319477346058	2.722782342790833	-0.024600087922569194	0.0026311460203133695	0.7855	0.07562383409994056
35	isolated_galaxies/m1_fg0.3/rot_45/broadband_020.fits	0	0.2	2	1	0	0	0.4597226763206887	-1.669760857535021	2.6581007949141515	-0.0017361030860968498	0.006017735447852812	0.7678	0.06564949516390266
36	isolated_galaxies/m1_fg0.3/rot_45/broadband_030.fits	0	0.29	2	1	0	0	0.4999863524174724	-1.709818718014332	2.729326816050727	-0.009730400469831075	0.008685304872015376	0.7963	0.09182035686675145
37	isolated_galaxies/m1_fg0.3/rot_45/broadband_040.fits	0	0.39	2	1	0	0	0.48344859205830315	-1.731993427046071	2.7141922895814514	-0.00984767132465935	0.007917029003507122	0.7816	0.07483056379748627
38	isolated_galaxies/m1_fg0.3/rot_45/broadband_050.fits	0	0.49	2	1	0	0	0.4583197210590715	-1.7012029082459068	2.682635822197284	0.008242582003742715	0.01224667089394764	0.7842	0.08174580675081573
39	isolated_galaxies/m1_fg0.3/rot_45/broadband_060.fits	0	0.59	2	1	0	0	0.4880889672422696	-1.7328842336709158	2.732076027177206	0.022846269300024744	0.014809460334818825	0.834	0.05579326276546278
40	isolated_galaxies/m1_fg0.3/rot_45/broadband_100.fits	0	0.98	2	1	0	0	0.5056014654572104	-1.6405118932924456	2.696910200757618	0.021155282488737256	0.020252548982636124	0.8261	0.07822279128902185
41	isolated_galaxies/m1_fg0.3/rot_45/broadband_200.fits	0	1.96	2	1	0	0	0.4866689619589991	-1.8922114593094985	2.9084666432798945	0.053072943980061724	0.014976528271450247	1.074	0.10795427619244177
47	isolated_galaxies/m1_fg0.3/rot_45/broadband_005.fits	0	0.05	3	1	0	0	0.4695504852928078	-1.7248006836027043	2.7762170020209935	-0.042332036481213954	-0.0054947764339885585	0.8448	0.060922893285623496
48	isolated_galaxies/m1_fg0.3/rot_45/broadband_010.fits	0	0.1	3	1	0	0	0.4910106640757329	-1.661964998419684	2.7041074690391427	-0.015293009298302048	0.009613782454026405	0.7883	0.056640528477889765
49	isolated_galaxies/m1_fg0.3/rot_45/broadband_020.fits	0	0.2	3	1	0	0	0.46525697789716386	-1.7023480855327338	2.689860122461645	-0.005183817346902882	0.005440249101830669	0.7773	0.055698694757438695
50	isolated_galaxies/m1_fg0.3/rot_45/broadband_030.fits	0	0.29	3	1	0	0	0.5060383138759088	-1.6986184531650999	2.6953732251756755	-0.0020931853223690377	0.013839062489468567	0.7931	0.05919873219560588
51	isolated_galaxies/m1_fg0.3/rot_45/broadband_040.fits	0	0.39	3	1	0	0	0.4632286732412864	-1.6452230798365863	2.6691149625341537	-0.017026804033052075	0.011747848464607085	0.785	0.06858872494247505
52	isolated_galaxies/m1_fg0.3/rot_45/broadband_050.fits	0	0.49	3	1	0	0	0.44754671997018275	-1.685616226622171	2.7097255253185843	-0.006822817525896868	0.004141415689173475	0.79	0.06991874828165555
53	isolated_galaxies/m1_fg0.3/rot_45/broadband_060.fits	0	0.59	3	1	0	0	0.4941404189875708	-1.6964663451708974	2.7195557306370577	0.01719066893358321	0.010166542399225494	0.8347	0.04887524881795092
54	isolated_galaxies/m1_fg0.3/rot_45/broadband_100.fits	0	0.98	3	1	0	0	0.507055325908846	-1.7510691304505568	2.709232126080234	0.04133603306656444	0.01700039825886532	0.8287	0.07507602482940637
55	isolated_galaxies/m1_fg0.3/rot_45/broadband_200.fits	0	1.96	3	1	0	0	0.49345921674308035	-1.719074220382278	2.8523606716676113	0.04254974211153602	0.00732833691239967	1.1166	0.12221375750293227
60	isolated_galaxies/m1_fg0.3/rot_45/broadband_005.fits	0	0.05	4	1	0	0	0.5141854854017877	-1.8034457794344236	2.769622101838472	-0.050875002574256915	-0.04379550585363454	0.9118	0.0650834923098989
61	isolated_galaxies/m1_fg0.3/rot_45/broadband_010.fits	0	0.1	4	1	0	0	0.5118181846271531	-1.7533570290021534	2.6722682795996238	-0.036143440240659325	-0.009421448261094086	0.8717	0.06371916095512482
62	isolated_galaxies/m1_fg0.3/rot_45/broadband_020.fits	0	0.2	4	1	0	0	0.4842283768957314	-1.7835748249082675	2.6683523953869575	-0.009842236811086957	0.002169289230339959	0.9197	0.07985728330840934
63	isolated_galaxies/m1_fg0.3/rot_45/broadband_030.fits	0	0.29	4	1	0	0	0.5279454804103426	-1.7920240467381514	2.7516012436953186	-0.019158790798337603	-0.006128671757858324	0.8724	0.0835365688071898
64	isolated_galaxies/m1_fg0.3/rot_45/broadband_040.fits	0	0.39	4	1	0	0	0.4860667432899296	-1.7366747304251235	2.6411261013276874	0.0013927567951226422	0.004430682971193488	0.9243	0.0792489898283668
65	isolated_galaxies/m1_fg0.3/rot_45/broadband_050.fits	0	0.49	4	1	0	0	0.4917431353244029	-1.744113040043143	2.7173488786696476	0.033124269895235744	0.01229506699029475	0.9294	0.059803940073384645
66	isolated_galaxies/m1_fg0.3/rot_45/broadband_060.fits	0	0.59	4	1	0	0	0.5413227601066533	-1.7908925552630812	2.779544521292422	0.0325368906144428	-0.005387041243799919	0.9874	0.13279970357386037
67	isolated_galaxies/m1_fg0.3/rot_45/broadband_100.fits	0	0.98	4	1	0	0	0.48610519470607116	-1.7089989515425261	2.7373706066110763	0.07016874502760742	0.019686527173074557	1.0527	0.15130147629678312
68	isolated_galaxies/m1_fg0.3/rot_45/broadband_200.fits	0	1.96	4	1	0	0	0.5402932507085783	-1.857749359219216	2.9503257566986836	0.052844727401057744	-0.018805973022169513	1.7241	0.28021498085090907
73	isolated_galaxies/m1_fg0.3/rot_45/broadband_005.fits	0	0.05	5	1	0	0	0.5097850264381579	-1.800907718279633	2.7848487080995654	-0.0630734103707897	-0.04309503093873783	0.9171	0.07128275411723509
74	isolated_galaxies/m1_fg0.3/rot_45/broadband_010.fits	0	0.1	5	1	0	0	0.5165998674554991	-1.7613543473590252	2.691133005814184	-0.03679768744767584	-0.009200779480594556	0.8704	0.1016028605783928
75	isolated_galaxies/m1_fg0.3/rot_45/broadband_020.fits	0	0.2	5	1	0	0	0.48761459148573105	-1.782504810153018	2.687851698393158	-0.017635231797711433	-0.0009216829223499993	0.9248	0.09439847172834798
76	isolated_galaxies/m1_fg0.3/rot_45/broadband_030.fits	0	0.29	5	1	0	0	0.5337017006474105	-1.7949515996753358	2.7481038987313755	-0.010936546427279094	-0.001335938948228513	0.865	0.09115681651717512
77	isolated_galaxies/m1_fg0.3/rot_45/broadband_040.fits	0	0.39	5	1	0	0	0.4940725889135396	-1.7375475849776894	2.660696546229853	0.011813284919733684	0.008951010198685222	0.9249	0.10190784390066117
78	isolated_galaxies/m1_fg0.3/rot_45/broadband_050.fits	0	0.49	5	1	0	0	0.49158449300271784	-1.741107601998139	2.7209547919815265	0.030289212672444787	0.01085179156734003	0.9314	0.08447930129313852
79	isolated_galaxies/m1_fg0.3/rot_45/broadband_060.fits	0	0.59	5	1	0	0	0.5335814400396446	-1.7780852932100053	2.7791736097265103	0.05637869443983993	0.003724779569746357	0.9762	0.12076330204619584
80	isolated_galaxies/m1_fg0.3/rot_45/broadband_100.fits	0	0.98	5	1	0	0	0.4894865876407498	-1.7067784868201001	2.736847986218105	0.07743954939977957	0.015501673211677594	1.0519	0.13291786765440702
81	isolated_galaxies/m1_fg0.3/rot_45/broadband_200.fits	0	1.96	5	1	0	0	0.5334597158207818	-1.849112668487318	2.9465205351889607	0.06289710570537486	-0.014915871246982463	1.7271	0.287688877729188
86	isolated_galaxies/m1_fg0.3/rot_45/broadband_005.fits	0	0.05	6	1	0	0	0.5046212557727461	-1.799831912581175	2.781459116419584	-0.046459397109258546	-0.02149454186264848	0.9165	0.04319883986522615
87	isolated_galaxies/m1_fg0.3/rot_45/broadband_010.fits	0	0.1	6	1	0	0	0.5193921110735173	-1.7596316518484518	2.6891472428729344	-0.03567281781457774	-0.012815364902757927	0.8716	0.04663967354460547
88	isolated_galaxies/m1_fg0.3/rot_45/broadband_020.fits	0	0.2	6	1	0	0	0.49466507816679944	-1.7844813509430328	2.6877216552084553	-0.015104253014734538	-0.0021288898171995395	0.9244	0.08236943974988507
89	isolated_galaxies/m1_fg0.3/rot_45/broadband_030.fits	0	0.29	6	1	0	0	0.5224240343263052	-1.7842330846638295	2.7429642031092207	-0.027506722084872613	-0.005896230590702412	0.8652	0.0969512654996842
90	isolated_galaxies/m1_fg0.3/rot_45/broadband_040.fits	0	0.39	6	1	0	0	0.4828125757866419	-1.7289963489124864	2.6509376878982915	0.010808740451349119	0.005746956491011665	0.9244	0.07628619998815998
91	isolated_galaxies/m1_fg0.3/rot_45/broadband_050.fits	0	0.49	6	1	0	0	0.4906340727919942	-1.7429657104241054	2.7204815297190246	0.03346819425767801	0.011557378702914008	0.9278	0.06186166930495542
92	isolated_galaxies/m1_fg0.3/rot_45/broadband_060.fits	0	0.59	6	1	0	0	0.5369813517410802	-1.781821945111354	2.7827614399293314	0.057487105244465285	0.00877511378016022	0.9823	0.1389990143180333
93	isolated_galaxies/m1_fg0.3/rot_45/broadband_100.fits	0	0.98	6	1	0	0	0.4901605303660175	-1.7127396149623924	2.741615491199805	0.0902488499059014	0.022146056062124397	1.0525	0.12488995017639375
94	isolated_galaxies/m1_fg0.3/rot_45/broadband_200.fits	0	1.96	6	1	0	0	0.540124779721998	-1.8474761262769783	2.947803543807673	0.06503908678310868	-0.022265570103665505	1.7255	0.2601282747096652
0	q0.333_fg0.3_allrx10_sunruns/hires_kin_early_cen1/broadband_020.fits	1	0.2	0	1	0	0	0.4737445031262	-1.7526778718549407	2.6525388674216877	-0.004459643635130594	0.0018229109350645929	0.9165	0.08055651878514582
1	q0.333_fg0.3_allrx10_sunruns/hires_kin_early_cen1/broadband_040.fits	1	0.39	0	2	14.153674334033889	3.4147585413195336	0.5811432421209294	-1.0360522328069064	2.7019080348691764	0.22650153867137596	0.010794653369697985	0.8926	0.5531559344220672
2	q0.333_fg0.3_allrx10_sunruns/hires_kin_early_cen1/broadband_070.fits	1	0.68	0	1	0	0	0.594590476754122	-2.432192936375151	4.749771342859026	0.15038329761006847	0.016070470048433576	4.5795	0.45781793323812764
3	q0.333_fg0.3_allrx10_sunruns/hires_kin_early_cen1/broadband_080.fits	1	0.78	0	1	0	0	0.6442938574714028	-2.4441432205551377	4.5398887158970265	0.13332295760898394	0.021453195712767166	3.9754	0.3770096565736763
4	q0.333_fg0.3_allrx10_sunruns/hires_kin_early_cen1/broadband_100.fits	1	0.98	0	1	0	0	0.5685880992842083	-2.6139151327326124	5.045420824974216	0.10787276411468305	0.01760182885592867	4.3052	0.27022387132058934
5	q0.333_fg0.3_allrx10_sunruns/hires_kin_early_cen1/broadband_120.fits	1	1.17	0	1	0	0	0.5423192074978226	-2.1994830554190528	4.283155701845763	0.09899255526828603	0.006737607278169904	3.845	0.4355315878263778
6	q0.333_fg0.3_allrx10_sunruns/hires_kin_early_cen1/broadband_140.fits	1	1.37	0	1	0	0	0.5635747590634206	-2.495864066539377	4.7632306403109705	0.16931113085439475	-0.0001279085424333093	3.6777	0.44905196308410633
7	q0.333_fg0.3_allrx10_sunruns/hires_kin/broadband_150.fits	1	1.47	0	1	0	0	0.5827589259752253	-2.5097702369126242	4.614578962988611	0.12572107339569696	0.0007906268891090691	3.481	0.30632046642359223
8	q0.333_fg0.3_allrx10_sunruns/hires_kin/broadband_180.fits	1	1.76	0	1	0	0	0.5669135614752652	-2.432492441010692	4.293884491124913	0.06965651138304063	0.00017014439297002528	3.2793	0.2250667546330528
9	q0.333_fg0.3_allrx10_sunruns/hires_kin/broadband_190.fits	1	1.86	0	1	0	0	0.6258939818051389	-2.287704139110252	4.607341356686684	0.012549874098060649	-0.02574273541940262	2.9353	0.5050294823184152
10	q0.333_fg0.3_allrx10_sunruns/hires_kin/broadband_220.fits	1	2.15	0	2	14.506764252927006	7.755324957585908	0.5584071643204638	-2.445726753459853	4.45121769543733	0.09703100969719756	-0.004700958221241318	3.0848	0.3721291372924184
11	q0.333_fg0.3_allrx10_sunruns/hires_kin/broadband_230.fits	1	2.25	0	1	0	0	0.591068763201135	-2.33371235605742	4.420485259764916	0.06240419346079423	-0.005537664608829912	2.5435	0.19040513822283972
12	q0.333_fg0.3_allrx10_sunruns/hires_kin/broadband_235.fits	1	2.3	0	1	0	0	0.5984529970893305	-2.3398761609157517	4.436750574993954	0.048132820778462385	-0.00232899406339416	2.5403	0.22094135172725057
13	q0.333_fg0.3_allrx10_sunruns/hires_kin/broadband_237.fits	1	2.32	0	1	0	0	0.5905016386578753	-2.313794176422827	4.446971271652271	0.05532801159009143	0.00968502220114417	2.6497	0.23690699808171556
14	q0.333_fg0.3_allrx10_sunruns/hires_kin/broadband_240.fits	1	2.35	0	1	0	0	0.5518517301535241	-2.3375402940784435	4.3682823364304015	0.0554816738916911	0.007849809947964565	2.9432	0.1414674188298084
15	q0.333_fg0.3_allrx10_sunruns/hires_kin/broadband_242.fits	1	2.37	0	2	17.265894900705938	7.782515601867551	0.5760826798069293	-2.4592988034702468	4.4089943474330475	0.027249426705336	-0.0018776785509725224	2.742	0.23818588930422074
16	q0.333_fg0.3_allrx10_sunruns/hires_kin/broadband_245.fits	1	2.4	0	2	14.367737956664913	7.481695005111534	0.5897683603885463	-2.3941188084862586	4.430120618324976	0.026593160190207125	-0.005100307141499057	2.6887	0.2754219931491337
17	q0.333_fg0.3_allrx10_sunruns/hires_kin/broadband_247.fits	1	2.42	0	2	11.713737717550112	7.351906920715654	0.6398922111851848	-0.7807554954524871	4.50721111632148	0.042160470071919955	-0.002871399260905441	2.7352	0.5206048010977917
18	q0.333_fg0.3_allrx10_sunruns/hires_kin/broadband_252.fits	1	2.46	0	1	0	0	0.6063660458922903	-1.8836422375351243	3.6754996698456885	0.2063970194093871	0.010151707638582093	2.1267	0.3597597844661178
19	q0.333_fg0.3_allrx10_sunruns/hires_kin/broadband_255.fits	1	2.49	0	2	3.4863371079512406	14.884011606125052	0.5836045707645005	-1.208741204299925	3.6280092439218548	0.1963277770628868	0.0414076581533393	1.9108	0.4575739568270076
20	q0.333_fg0.3_allrx10_sunruns/hires_kin/broadband_257.fits	1	2.51	0	2	2.6209620736265737	24.66493640309246	0.6111622511173204	-1.4147408928473082	3.7094823698160946	0.2962808391586318	0.035229222693401424	2.2062	0.5425609567383579
21	q0.333_fg0.3_allrx10_sunruns/hires_kin/broadband_262.fits	1	2.56	0	1	0	0	0.5817432718116676	-1.6561471507250296	4.087879592002428	0.2124584458797953	-0.017569711032083223	2.1914	0.7425543927000555
22	q0.333_fg0.3_allrx10_sunruns/hires_kin/broadband_265.fits	1	2.59	0	1	0	0	0.5760213562062924	-2.1343423980391747	3.761900630478467	0.1433875176561359	-0.0031439246410326074	2.2662	0.4611712114645844
23	q0.333_fg0.3_allrx10_sunruns/hires_kin/broadband_270.fits	1	2.64	0	1	0	0	0.5525485639768184	-1.9912710840561947	3.9386856212980392	0.17881632585913085	-0.003102803885027937	2.5485	0.19831110173470373
24	q0.333_fg0.3_allrx10_sunruns/hires_kin/broadband_275.fits	1	2.69	0	1	0	0	0.5936399383361661	-2.1927480913622124	4.211906170853036	0.08534812409001774	-0.009841907687236313	2.4629	0.3993447603320165
25	q0.333_fg0.3_allrx10_sunruns/hires_kin/broadband_280.fits	1	2.74	0	1	0	0	0.6183928368114717	-2.3038440260623183	4.280886378026078	0.12487226890423683	-0.0063329280942000165	2.5145	0.4069831211077109
26	q0.333_fg0.3_allrx10_sunruns/hires_kin/broadband_285.fits	1	2.79	0	1	0	0	0.6009180079432059	-2.2776833781868095	4.398962245434964	0.0940039394356679	-0.003147584479484676	2.6192	0.33294912346217964
27	q0.333_fg0.3_allrx10_sunruns/hires_kin/broadband_287.fits	1	2.84	0	1	0	0	0.6152405455507765	-2.235214525503276	4.216348896969391	0.08111526424506851	-0.005157599585648144	2.5407	0.3042723718573852
28	q0.333_fg0.3_allrx10_sunruns/hires_kin/broadband_288.fits	1	2.93	0	1	0	0	0.5924554717995975	-2.2455955492410378	3.9949196277119494	0.06280432428544679	0.0032020737659330875	2.3794	0.3865065270859683
29	q0.333_fg0.3_allrx10_sunruns/hires_kin/broadband_289.fits	1	3.03	0	1	0	0	0.5982685504879406	-2.3256761812972915	4.235853318595537	0.045375951474749716	-0.0013980317360360154	2.4125	0.37535352532897226
30	q0.333_fg0.3_allrx10_sunruns/hires_kin/broadband_290.fits	1	3.13	0	1	0	0	0.6070128194602996	-2.335803626517019	4.38202101477634	0.03441009180254071	-0.0036902304103348235	2.4791	0.32799157734707207
31	q0.333_fg0.3_allrx10_sunruns/hires_kin/broadband_295.fits	1	3.62	0	1	0	0	0.6018337619711462	-2.3451662535244884	4.213455594502164	-0.0025524494044897347	-0.006085094863298141	2.4494	0.3022953564058333
32	q0.333_fg0.3_allrx10_sunruns/hires_kin/broadband_305.fits	1	4.6	0	1	0	0	0.5823658332533505	-2.370624453176617	4.117365300701008	-0.02170044462769617	-0.002832137470535281	2.4865	0.10036614850479493
33	q0.333_fg0.3_allrx10_sunruns/hires_kin_early_cen1/broadband_020.fits	1	0.2	1	1	0	0	0.5978133882936515	-1.5860053141111667	3.2775417784255105	0.009462902299744304	0.07415501338513654	0.5099	0.08059453986873526
34	q0.333_fg0.3_allrx10_sunruns/hires_kin_early_cen1/broadband_070.fits	1	0.68	1	1	0	0	0.6419051580582656	-1.7835534994013214	3.353773359500832	0.08789049384150481	0.03674647232744843	1.0594	0.7993603465651774
35	q0.333_fg0.3_allrx10_sunruns/hires_kin_early_cen1/broadband_080.fits	1	0.78	1	1	0	0	0.6125158156415278	-1.918256332226642	3.3295112478813245	0.16027701389070445	0.010068768171131625	1.2848	0.27763621768363905
36	q0.333_fg0.3_allrx10_sunruns/hires_kin_early_cen1/broadband_100.fits	1	0.98	1	1	0	0	0.570032229805533	-2.1477714539774646	3.786624268713172	0.08657545033468335	0.03382015704601154	1.609	0.3535553801362017
37	q0.333_fg0.3_allrx10_sunruns/hires_kin_early_cen1/broadband_120.fits	1	1.17	1	1	0	0	0.6402887317307318	-1.8434323723970178	3.4822744428218466	0.10595671569469664	-0.003741450257943433	1.579	0.36327157673261246
38	q0.333_fg0.3_allrx10_sunruns/hires_kin_early_cen1/broadband_140.fits	1	1.37	1	1	0	0	0.5314445561879647	-2.032944970633209	3.475938484805849	0.09731338610553432	0.013282646235484124	1.581	0.4843467965083507
39	q0.333_fg0.3_allrx10_sunruns/hires_kin/broadband_150.fits	1	1.47	1	1	0	0	0.6065032796044357	-2.0959387460084025	3.497968981714195	0.10438900518726446	0.007334962101181326	1.6927	0.22653135830822313
40	q0.333_fg0.3_allrx10_sunruns/hires_kin/broadband_170.fits	1	1.66	1	1	0	0	0.5564192542283363	-1.840811725944969	3.639050785406179	0.1221871515169929	0.006212653214989194	1.7777	0.20957190434513173
41	q0.333_fg0.3_allrx10_sunruns/hires_kin/broadband_180.fits	1	1.76	1	1	0	0	0.6254633557168644	-2.0962671876180816	3.4178683048493115	0.06340813469694466	0.005505292202240815	1.6404	0.17115471525107312
42	q0.333_fg0.3_allrx10_sunruns/hires_kin/broadband_190.fits	1	1.86	1	1	0	0	0.5747215407843185	-2.140759736578515	3.7771443389402144	-0.0428153299903965	0.007646208380064401	1.7421	0.1923021338369326
43	q0.333_fg0.3_allrx10_sunruns/hires_kin/broadband_210.fits	1	2.05	1	2	11.239561615067085	2.6426521433706833	0.6308016702514826	-0.6462597049643993	1.37286766356475	0.34861430355203743	0.09648399755075418	1.6648	0.29227873245053454
44	q0.333_fg0.3_allrx10_sunruns/hires_kin/broadband_235.fits	1	2.3	1	1	0	0	0.5325142103341585	-2.1551245706550413	3.8755588215020644	0.07654795529923658	-0.0011284806773810146	2.4239	0.46071815817028655
45	q0.333_fg0.3_allrx10_sunruns/hires_kin/broadband_237.fits	1	2.32	1	1	0	0	0.5296168729794877	-2.203265386971665	3.881759181544977	0.08250075522235467	-0.0022347865477050986	2.5544	0.3742516890863219
46	q0.333_fg0.3_allrx10_sunruns/hires_kin/broadband_240.fits	1	2.35	1	1	0	0	0.543077819175233	-2.2603949606760048	3.816959106542866	0.053649982979527146	-0.003897055981892519	2.6047	0.25777527173562775
47	q0.333_fg0.3_allrx10_sunruns/hires_kin/broadband_242.fits	1	2.37	1	2	16.723487638855286	6.54334772373758	0.5574053465872341	-2.304872026294956	3.9762207698175187	0.03255967026223956	-0.0028274266356656716	2.7763	0.20387853541755374
48	q0.333_fg0.3_allrx10_sunruns/hires_kin/broadband_247.fits	1	2.42	1	2	11.18582004460461	6.278270161804971	0.622159769136182	-0.5639558850357698	4.111185323918876	0.19390190325367154	-0.008276136099076663	2.7187	0.6298187825697915
49	q0.333_fg0.3_allrx10_sunruns/hires_kin/broadband_250.fits	1	2.44	1	2	5.9902542585621825	6.003437587325643	0.6228929894886932	-0.914672303099754	4.050482090412225	0.33425909639861934	0.0668801395698263	2.7277	0.6032936112359126
50	q0.333_fg0.3_allrx10_sunruns/hires_kin/broadband_252.fits	1	2.46	1	1	0	0	0.5870695323232792	-1.900774659838561	4.0386381641986295	0.11709540379326452	-0.0006940908456473242	2.2031	0.5417144461721437
51	q0.333_fg0.3_allrx10_sunruns/hires_kin/broadband_255.fits	1	2.49	1	2	3.2311787082614702	17.354016258718936	0.572241900982522	-1.2821049531916988	3.6034843293432193	0.21482107025365285	0.033360792463740685	2.1116	0.3558820286925333
52	q0.333_fg0.3_allrx10_sunruns/hires_kin/broadband_257.fits	1	2.51	1	2	2.457925468990288	19.505630813965777	0.5868890368285277	-1.249490559483433	3.784100973341158	0.31998677120002283	0.044390193276428444	2.7888	0.45714532399266644
53	q0.333_fg0.3_allrx10_sunruns/hires_kin/broadband_262.fits	1	2.56	1	1	0	0	0.5994743113297074	-1.7172908934380535	3.9893901945163845	0.21501354015992638	-0.0032798757119711043	2.1263	0.6470080772771145
54	q0.333_fg0.3_allrx10_sunruns/hires_kin/broadband_265.fits	1	2.59	1	1	0	0	0.5638050542352405	-2.1635871582480606	3.7633677650773634	0.12188426727148288	-0.003268537538479621	2.2778	0.38667157231763205
55	q0.333_fg0.3_allrx10_sunruns/hires_kin/broadband_270.fits	1	2.64	1	1	0	0	0.5656248740295075	-2.107953547534821	4.198864065895341	0.13036004322598288	-0.0027689983511362945	2.8773	0.32000381910942144
56	q0.333_fg0.3_allrx10_sunruns/hires_kin/broadband_275.fits	1	2.69	1	1	0	0	0.5854449992922782	-2.2750580883480818	4.45303271124415	0.09432875147547208	-0.003506078757668342	2.6834	0.3737842259407653
57	q0.333_fg0.3_allrx10_sunruns/hires_kin/broadband_280.fits	1	2.74	1	1	0	0	0.6024548235501624	-2.336320765722827	4.442140117156264	0.1115003018729492	0.004473403030670296	2.7511	0.43605636144930193
58	q0.333_fg0.3_allrx10_sunruns/hires_kin/broadband_285.fits	1	2.79	1	1	0	0	0.6022093561000531	-2.3319975985958434	4.435253905824715	0.0644577959748371	-0.008815141255181232	2.6507	0.40482899717555904
59	q0.333_fg0.3_allrx10_sunruns/hires_kin/broadband_287.fits	1	2.84	1	1	0	0	0.5937634188508403	-2.204171370393593	4.245580966548462	0.07945068655050633	0.0018605463272027341	2.3879	0.255514284991346
60	q0.333_fg0.3_allrx10_sunruns/hires_kin/broadband_288.fits	1	2.93	1	1	0	0	0.6115391460139444	-2.3379059083973392	3.9562004088007487	0.05165781042702399	0.006453886845086491	2.5133	0.3553307937740378
61	q0.333_fg0.3_allrx10_sunruns/hires_kin/broadband_289.fits	1	3.03	1	1	0	0	0.5854903217913697	-2.3271543944727457	4.215636693323116	0.06022883423030834	-0.005966637434111387	2.6647	0.4130180707934653
62	q0.333_fg0.3_allrx10_sunruns/hires_kin/broadband_290.fits	1	3.13	1	1	0	0	0.5793191818472602	-2.288150528810591	4.2035545994262264	0.019625632250356802	-0.0020342652906676635	2.3559	0.2555100296593697
63	q0.333_fg0.3_allrx10_sunruns/hires_kin/broadband_295.fits	1	3.62	1	1	0	0	0.5938090961247914	-2.3438242630053105	4.167044800345594	-0.0003775403486821247	-0.0026247764481385997	2.5185	0.16831683627169106
64	q0.333_fg0.3_allrx10_sunruns/hires_kin_early_cen1/broadband_020.fits	1	0.2	2	1	0	0	0.5375299307061958	-1.576339852258135	3.1253644551170776	-0.006352440793514733	0.04098731342540761	0.5244	0.0995670190350782
65	q0.333_fg0.3_allrx10_sunruns/hires_kin_early_cen1/broadband_040.fits	1	0.39	2	2	5.177399392766827	2.1008739692409892	0.5411366021967511	-1.1605064959659097	1.9119219772620735	0.7868890861716828	0.03796214272486388	0.5681	1.0337125513360423
66	q0.333_fg0.3_allrx10_sunruns/hires_kin_early_cen1/broadband_070.fits	1	0.68	2	1	0	0	0.563975820501934	-2.042949180440242	3.742583095959298	0.2359117566733796	0.01878288699172948	1.8815	0.6011720817091166
67	q0.333_fg0.3_allrx10_sunruns/hires_kin_early_cen1/broadband_080.fits	1	0.78	2	1	0	0	0.5658031348469826	-2.2273080380910946	3.881653490534291	0.06186549921020909	0.01915777841085196	1.9052	0.3161283894550677
68	q0.333_fg0.3_allrx10_sunruns/hires_kin_early_cen1/broadband_100.fits	1	0.98	2	1	0	0	0.5252219432447744	-2.069709736815701	3.4665002790303823	0.18261292561968753	0.0084687589615222	2.099	0.6504718605903994
69	q0.333_fg0.3_allrx10_sunruns/hires_kin_early_cen1/broadband_120.fits	1	1.17	2	1	0	0	0.5055728983092006	-2.013802350348329	3.471135874935285	0.18484417041057027	0.008796144617601045	1.9171	0.5220774227285423
70	q0.333_fg0.3_allrx10_sunruns/hires_kin_early_cen1/broadband_140.fits	1	1.37	2	1	0	0	0.5759577464047934	-2.1586388620243855	3.86477853440339	0.13959502217786915	0.005200932330911457	2.2909	0.4452932722512956
71	q0.333_fg0.3_allrx10_sunruns/hires_kin/broadband_150.fits	1	1.47	2	1	0	0	0.6008262513305638	-2.2533638651109253	3.7863910655630844	0.08964526670499293	0.01362938896674486	2.4687	0.4034232798334616
72	q0.333_fg0.3_allrx10_sunruns/hires_kin/broadband_170.fits	1	1.66	2	1	0	0	0.6045150060337293	-2.2843305528298457	4.0406130851832796	0.07524947910910522	-0.0011525698448625328	2.4611	0.25551039960581284
73	q0.333_fg0.3_allrx10_sunruns/hires_kin/broadband_180.fits	1	1.76	2	1	0	0	0.5559728240103126	-2.257557404988172	3.8132697156059003	0.0009981066649091582	-0.00028476022753445087	2.4001	0.3417736461793415
74	q0.333_fg0.3_allrx10_sunruns/hires_kin/broadband_190.fits	1	1.86	2	1	0	0	0.5924803766424173	-1.897399147280514	3.5637877280439834	0.08859935351561134	0.003472066506312308	2.0692	0.38072044375601893
75	q0.333_fg0.3_allrx10_sunruns/hires_kin/broadband_220.fits	1	2.15	2	2	8.949780124549322	7.966728188247277	0.6120067168603042	-1.1690691568783058	4.260441041876961	0.2128693427875411	0.029397329209086543	3.2112	0.6575488989655021
76	q0.333_fg0.3_allrx10_sunruns/hires_kin/broadband_230.fits	1	2.25	2	2	13.842447941025487	7.496179889808128	0.5991882706319317	-2.207620950403362	4.086067545917659	0.025390523753469438	-0.0679225872089503	2.325	0.49812538344468155
77	q0.333_fg0.3_allrx10_sunruns/hires_kin/broadband_235.fits	1	2.3	2	2	14.12250040813519	8.85523314502855	0.5489862756973801	-2.1505269240518485	3.9993256030160067	0.06671211792292753	-0.009608960580957398	2.2985	0.3426840896560021
78	q0.333_fg0.3_allrx10_sunruns/hires_kin/broadband_237.fits	1	2.32	2	2	13.945459680284666	9.666739158304301	0.5544567220387019	-2.200265106688028	3.99053978415553	0.07317855275024863	0.001975205281856198	2.4372	0.2971691613877043
79	q0.333_fg0.3_allrx10_sunruns/hires_kin/broadband_240.fits	1	2.35	2	2	13.202232035615149	9.87643022777106	0.5538501756689113	-2.2515096546723474	3.776608372795916	0.05686623160900263	-0.004844509779110465	2.4905	0.25833625093325024
80	q0.333_fg0.3_allrx10_sunruns/hires_kin/broadband_242.fits	1	2.37	2	2	12.376769963210222	9.716726977281612	0.5663679350449043	-2.2965254657107974	3.9373697090936517	0.025692247879845375	0.0032095862938401887	2.5789	0.26897439064819834
81	q0.333_fg0.3_allrx10_sunruns/hires_kin/broadband_247.fits	1	2.42	2	2	8.672996376044969	9.359227412840097	0.6267088945400009	-1.0434715768997178	4.574537515768461	0.1507368771609517	-0.027121639039219568	2.6812	0.6372198941686988
82	q0.333_fg0.3_allrx10_sunruns/hires_kin/broadband_250.fits	1	2.44	2	2	4.871396571370025	8.638533066951071	0.6001581215553194	-1.3095073909217676	3.7985856908075695	0.2248681133759694	0.026986451626714755	2.7032	0.6462166276842064
83	q0.333_fg0.3_allrx10_sunruns/hires_kin/broadband_252.fits	1	2.46	2	1	0	0	0.5564012576231165	-2.1178750784556373	3.8201037845314803	0.12976208868696756	-0.002481962241323151	2.2142	0.3471221497963006
84	q0.333_fg0.3_allrx10_sunruns/hires_kin/broadband_255.fits	1	2.49	2	2	2.6470182732442398	14.37341615722545	0.5487811625446114	-1.3788163365615584	2.9858674233949563	0.27789661603114735	0.022323679826944002	1.6219	0.48150544118424327
85	q0.333_fg0.3_allrx10_sunruns/hires_kin/broadband_257.fits	1	2.51	2	2	1.7765162944494635	22.488474697905485	0.5798922456192319	-1.6717613585797553	3.429080141932751	0.26965539830613094	0.03029573098866447	2.4214	0.4726801312407226
86	q0.333_fg0.3_allrx10_sunruns/hires_kin/broadband_262.fits	1	2.56	2	1	0	0	0.5781511810564366	-2.0599240645645382	3.9492810422791247	0.18082291372111756	0.0025929697909829064	2.1544	0.5019683519871945
87	q0.333_fg0.3_allrx10_sunruns/hires_kin/broadband_265.fits	1	2.59	2	1	0	0	0.5846170612692654	-2.195934637128783	4.161497010935504	0.05541628658645145	-0.005713134493150677	2.2455	0.29659814146677405
88	q0.333_fg0.3_allrx10_sunruns/hires_kin/broadband_270.fits	1	2.64	2	1	0	0	0.5768224819667855	-1.9510413033054164	4.137916069004268	0.13863598626524518	-0.0011995147680752458	2.2772	0.24145920058817727
89	q0.333_fg0.3_allrx10_sunruns/hires_kin/broadband_275.fits	1	2.69	2	1	0	0	0.6127262210580396	-2.024901302202348	4.4715029176758225	0.07619601967731476	-0.01949242949730531	2.5449	0.46483721802812716
90	q0.333_fg0.3_allrx10_sunruns/hires_kin/broadband_280.fits	1	2.74	2	1	0	0	0.6128112409986987	-2.356629124509845	4.045447176573845	0.11441059984738516	0.0030067526769818544	2.6421	0.5145682176178028
91	q0.333_fg0.3_allrx10_sunruns/hires_kin/broadband_285.fits	1	2.79	2	1	0	0	0.5794683090061422	-2.2438857000978056	4.107852903942745	0.09072918010719583	0.005729377922876811	2.4855	0.4175601681735967
92	q0.333_fg0.3_allrx10_sunruns/hires_kin/broadband_287.fits	1	2.84	2	1	0	0	0.5857478348499598	-2.2773623691078884	4.281047341669643	0.05933992328737967	-0.008374723410499432	2.6194	0.205659212852267
93	q0.333_fg0.3_allrx10_sunruns/hires_kin/broadband_288.fits	1	2.93	2	1	0	0	0.6077612150753923	-2.3289330813257996	4.347552487886417	0.009720627873849108	-0.003655616371665956	2.4735	0.19380141689118746
94	q0.333_fg0.3_allrx10_sunruns/hires_kin/broadband_289.fits	1	3.03	2	1	0	0	0.6084417320220926	-2.3192498296013166	4.491959321615267	0.038694663524054755	-0.01032822790577141	2.4451	0.37627218669366724
95	q0.333_fg0.3_allrx10_sunruns/hires_kin/broadband_290.fits	1	3.13	2	1	0	0	0.581170036321093	-2.2994375813599466	4.192354549237745	0.0334963843625868	-0.00638703930794423	2.4606	0.23921308007798162
96	q0.333_fg0.3_allrx10_sunruns/hires_kin/broadband_295.fits	1	3.62	2	1	0	0	0.5984911900325774	-2.3369850791151676	4.268663532712346	0.01931194818304833	-0.011959100066379461	2.3864	0.16757298982017255
97	q0.333_fg0.3_allrx10_sunruns/hires_kin_early_cen1/broadband_020.fits	1	0.2	3	1	0	0	0.4712779134542469	-1.7468725999039896	2.623024572395654	0.0034496080155865328	0.006164911861409455	0.8678	0.07271920556158716
98	q0.333_fg0.3_allrx10_sunruns/hires_kin_early_cen1/broadband_040.fits	1	0.39	3	2	10.642792436876935	5.289809107474904	0.556900181894725	-1.4047624501251936	3.1595295602088767	0.21755669489040977	0.037775250929273516	0.8325	0.3703601366885501
99	q0.333_fg0.3_allrx10_sunruns/hires_kin_early_cen1/broadband_080.fits	1	0.78	3	1	0	0	0.6174748850858954	-2.2901608932237214	3.876307643725503	0.145963730904663	0.016126178371701518	3.2446	0.638895857537651
100	q0.333_fg0.3_allrx10_sunruns/hires_kin_early_cen1/broadband_120.fits	1	1.17	3	1	0	0	0.5420236301498856	-2.17013147969918	4.347061622253145	0.08297494001897072	0.019467045676102385	3.5503	0.30472907584380854
101	q0.333_fg0.3_allrx10_sunruns/hires_kin_early_cen1/broadband_140.fits	1	1.37	3	1	0	0	0.5585369867136325	-2.4973878341596194	4.480798610982219	0.16019986943712625	0.001999859703709341	3.5706	0.40585932507166167
102	q0.333_fg0.3_allrx10_sunruns/hires_kin/broadband_150.fits	1	1.47	3	1	0	0	0.5976913916411414	-2.5144190467325163	4.909103818822624	0.0971910858654875	0.021206203636740965	3.9422	0.317288406800389
103	q0.333_fg0.3_allrx10_sunruns/hires_kin/broadband_170.fits	1	1.66	3	1	0	0	0.6300061065951792	-2.1171991703922375	4.304948871525797	0.17235202861473511	0.00031574248915413927	3.556	0.6506298568970945
104	q0.333_fg0.3_allrx10_sunruns/hires_kin/broadband_190.fits	1	1.86	3	2	14.049401041009256	7.079457843841379	0.6071463076902371	-2.1412388060838556	4.154347135395245	0.07204661297833947	0.01148126859660562	2.8395	0.5446027416173886
105	q0.333_fg0.3_allrx10_sunruns/hires_kin/broadband_210.fits	1	2.05	3	2	4.472575181810198	6.378521151383197	0.622817187050751	-1.7013838776808443	4.123995881938589	0.2561165927355496	0.0312505243292518	3.1107	0.5611579089132004
106	q0.333_fg0.3_allrx10_sunruns/hires_kin/broadband_220.fits	1	2.15	3	2	8.494355641068056	8.232277470872477	0.610248499567834	-1.2317508245151987	4.250555130387268	0.30250019077514934	-0.006476368996852174	3.5656	0.7465512368559623
107	q0.333_fg0.3_allrx10_sunruns/hires_kin/broadband_230.fits	1	2.25	3	2	8.08777623605183	9.15629971323339	0.5753613557473836	-2.2758667620983446	4.258199450382988	0.09339125945726652	-0.003376441365933926	2.3191	0.3629403055959787
108	q0.333_fg0.3_allrx10_sunruns/hires_kin/broadband_235.fits	1	2.3	3	2	11.0556207351736	8.919078780894118	0.5706388032496635	-2.3811427219125743	4.2502265071873815	0.01755844637997157	-0.004857169579458113	2.6987	0.17884821267289652
109	q0.333_fg0.3_allrx10_sunruns/hires_kin/broadband_242.fits	1	2.37	3	2	8.900845371227405	10.28016298126473	0.6587572840835095	-1.7522104485576704	4.518587557277332	0.11643418435914932	0.005442703469666804	2.8431	0.47119720048572533
110	q0.333_fg0.3_allrx10_sunruns/hires_kin/broadband_245.fits	1	2.4	3	2	7.176413061183312	9.564890444123503	0.6324010909963975	-1.6985940934799157	4.75843208785682	0.17609854547819734	0.001084225643357687	2.7775	0.5680116846805306
111	q0.333_fg0.3_allrx10_sunruns/hires_kin/broadband_247.fits	1	2.42	3	2	5.628752532533308	7.779648945251907	0.6032045200420748	-1.6548510832565635	4.477749949681865	0.22614787950767024	0.023336571009259784	2.7172	0.596738253825075
112	q0.333_fg0.3_allrx10_sunruns/hires_kin/broadband_250.fits	1	2.44	3	2	2.779962588127567	1.9140796236539037	0.5634601612361378	-1.7622551518199718	2.9326121740427977	0.5480556867345957	0.01236196928540952	2.2331	0.24023599981590096
113	q0.333_fg0.3_allrx10_sunruns/hires_kin/broadband_252.fits	1	2.46	3	1	0	0	0.5921551564646025	-2.0368121183007735	3.887618584069124	0.08221455139236776	-0.0006269389793053461	2.0955	0.5894699724543538
114	q0.333_fg0.3_allrx10_sunruns/hires_kin/broadband_255.fits	1	2.49	3	1	0	0	0.5817877713375187	-1.9403153672935676	3.464912813752115	0.21022118553251185	0.011734505225446138	1.8971	0.4769028847510307
115	q0.333_fg0.3_allrx10_sunruns/hires_kin/broadband_257.fits	1	2.51	3	1	0	0	0.5608200404237094	-1.715268686645958	3.6591246887399493	0.26427970443788135	-0.005206193116731991	2.1681	0.6434280230929388
116	q0.333_fg0.3_allrx10_sunruns/hires_kin/broadband_262.fits	1	2.56	3	1	0	0	0.5760253995998136	-1.8279695491498273	4.024376330911702	0.2547564076856092	-0.023375117720614513	2.2816	0.7595645794759998
117	q0.333_fg0.3_allrx10_sunruns/hires_kin/broadband_265.fits	1	2.59	3	1	0	0	0.6114732060793879	-2.1504783737917896	4.339737777272922	0.11327367270180183	-0.0350643209521353	2.3231	0.539794635891531
118	q0.333_fg0.3_allrx10_sunruns/hires_kin/broadband_270.fits	1	2.64	3	1	0	0	0.5840484678770475	-1.9355551920220886	4.303610103305236	0.19729264916208966	0.0032901365385869475	2.6702	0.3481226158868254
119	q0.333_fg0.3_allrx10_sunruns/hires_kin/broadband_275.fits	1	2.69	3	1	0	0	0.5971547379002105	-1.9940183646132916	4.395960961079124	0.1324990141330086	-0.0049798824249855595	2.4728	0.4493490066707949
120	q0.333_fg0.3_allrx10_sunruns/hires_kin/broadband_280.fits	1	2.74	3	1	0	0	0.628912440026514	-2.210443048395102	3.9043395252089668	0.13019160274630395	0.00727094645793752	2.3659	0.5656712875314677
121	q0.333_fg0.3_allrx10_sunruns/hires_kin/broadband_285.fits	1	2.79	3	1	0	0	0.5630703812404576	-2.219351081760524	3.906673913100657	0.04994855079652538	-0.007487549760167781	2.3563	0.4720380565818157
122	q0.333_fg0.3_allrx10_sunruns/hires_kin/broadband_287.fits	1	2.84	3	1	0	0	0.578846699889823	-2.278765383667926	4.024267256594905	0.08218647828227689	0.005899678238756331	2.3201	0.16268174180014747
123	q0.333_fg0.3_allrx10_sunruns/hires_kin/broadband_288.fits	1	2.93	3	1	0	0	0.5908746462689927	-2.2803710618600967	4.202197218741625	0.05105315543287951	-0.00367463110695371	2.4253	0.119300106586444
124	q0.333_fg0.3_allrx10_sunruns/hires_kin/broadband_290.fits	1	3.13	3	1	0	0	0.5620542914000629	-2.2170882493047	3.9921214304785755	0.06031045134767653	-0.0062071846634009775	2.2861	0.34990281154111874
125	q0.333_fg0.3_allrx10_sunruns/hires_kin/broadband_295.fits	1	3.62	3	1	0	0	0.5701311983203269	-2.3161043770112784	4.113576499075238	0.0064085617682054724	-0.00509523852040472	2.4769	0.10199536542056119
126	q0.333_fg0.3_allrx10_sunruns/hires_kin/broadband_305.fits	1	4.6	3	1	0	0	0.5484849000144117	-2.277863076673158	4.010123395066454	-0.03862584362318911	0.0005324244782098686	2.45	0.07228000435989243
127	q0.333_fg0.3_allrx10_sunruns/hires_kin_early_cen1/broadband_020.fits	1	0.2	4	1	0	0	0.483180995495014	-1.7623514620440397	2.642859596373128	-0.00589833486353226	0.0055990658023009525	0.9012	0.079869999313571
128	q0.333_fg0.3_allrx10_sunruns/hires_kin_early_cen1/broadband_070.fits	1	0.68	4	1	0	0	0.5714598389075727	-2.467522541853494	4.630002812486597	0.1884479974899867	0.0164152974902566	4.1332	0.5553410329088362
129	q0.333_fg0.3_allrx10_sunruns/hires_kin_early_cen1/broadband_080.fits	1	0.78	4	1	0	0	0.6057113222440266	-2.397499206615713	4.724686544855924	0.13354495947690947	0.02902266896700526	4.1814	0.522803973716116
130	q0.333_fg0.3_allrx10_sunruns/hires_kin_early_cen1/broadband_100.fits	1	0.98	4	1	0	0	0.5699552378410465	-2.642330214752069	4.894200578790866	0.13688798738185015	0.006113443742127971	4.3797	0.32020898462298264
131	q0.333_fg0.3_allrx10_sunruns/hires_kin_early_cen1/broadband_120.fits	1	1.17	4	1	0	0	0.542134371329676	-2.2720783383501693	4.429079941890389	0.09606816047843715	0.006121659703239285	3.7954	0.44216879391864805
132	q0.333_fg0.3_allrx10_sunruns/hires_kin_early_cen1/broadband_140.fits	1	1.37	4	1	0	0	0.5760295135397601	-2.5455148391027347	4.9041996375171735	0.16196129694873537	0.006091521484017786	3.7583	0.45748514515983635
133	q0.333_fg0.3_allrx10_sunruns/hires_kin/broadband_150.fits	1	1.47	4	1	0	0	0.5949990537934211	-2.5473839230249866	4.8199897504831855	0.11572568901151013	0.003079329173561573	3.8034	0.388848846623918
134	q0.333_fg0.3_allrx10_sunruns/hires_kin/broadband_170.fits	1	1.66	4	2	0.48140448458419927	0.498333404543488	0.5805876443014828	-2.2678196907070682	5.106518793045747	0.10827548181528399	-0.023144337883740932	0.7554	0.5310795057754073
135	q0.333_fg0.3_allrx10_sunruns/hires_kin/broadband_180.fits	1	1.76	4	1	0	0	0.5726430414378404	-2.4576806176969037	4.38827643023355	0.10162983835385232	0.00855047869616317	3.2235	0.19737233144841726
136	q0.333_fg0.3_allrx10_sunruns/hires_kin/broadband_230.fits	1	2.25	4	1	0	0	0.5997703974245685	-2.3509375079890344	4.4472610797009455	0.05340978194151827	-0.0018561129609206079	2.3651	0.17209888164272796
137	q0.333_fg0.3_allrx10_sunruns/hires_kin/broadband_235.fits	1	2.3	4	1	0	0	0.5934547164538406	-2.3968093940730824	4.528786363727696	0.03729990143222375	-0.0022569944708502334	2.5135	0.1433807054055904
138	q0.333_fg0.3_allrx10_sunruns/hires_kin/broadband_237.fits	1	2.32	4	1	0	0	0.5883442830584651	-2.4338012548991235	4.567256464513695	0.049501865478306296	-0.0037573883986580414	2.5749	0.19858264687933316
139	q0.333_fg0.3_allrx10_sunruns/hires_kin/broadband_240.fits	1	2.35	4	1	0	0	0.592656746465844	-2.4872119209470154	4.561707937962893	0.05201100336582751	-0.0002278611985411214	2.793	0.16830248366337458
140	q0.333_fg0.3_allrx10_sunruns/hires_kin/broadband_242.fits	1	2.37	4	1	0	0	0.6082599001067105	-2.5306330610232073	4.652847143695965	0.011727568874664689	-0.0073365005408493784	2.6638	0.16209251649567066
141	q0.333_fg0.3_allrx10_sunruns/hires_kin/broadband_245.fits	1	2.4	4	2	14.444645073953904	9.773272319751989	0.5997247190183642	-2.38535517556345	4.571828170238076	0.032053663246947126	0.002416782821960177	2.6822	0.25996353422049157
142	q0.333_fg0.3_allrx10_sunruns/hires_kin/broadband_250.fits	1	2.44	4	2	6.247381873677621	5.067106122559046	0.6064745797655154	-1.5198819065710025	4.708186679210687	0.2276784378441685	0.03533530843717388	2.4704	0.4853753032881735
143	q0.333_fg0.3_allrx10_sunruns/hires_kin/broadband_255.fits	1	2.49	4	2	3.2414322151721136	19.85911999679171	0.5613772162531179	-1.5040308705007572	3.441626984608633	0.2932696240533816	0.02366370746568564	2.4881	0.5371864978526231
144	q0.333_fg0.3_allrx10_sunruns/hires_kin/broadband_257.fits	1	2.51	4	2	2.4737865993025587	24.27504255979856	0.5771713620992445	-1.5069360524027327	3.7969933823221997	0.3369723785704353	0.027370694655347343	3.0072	0.6229724433802675
145	q0.333_fg0.3_allrx10_sunruns/hires_kin/broadband_262.fits	1	2.56	4	1	0	0	0.6063927921427991	-1.8938854127963594	4.23915209885973	0.17750736763638927	-0.019478967458060464	2.2212	0.7562785283006465
146	q0.333_fg0.3_allrx10_sunruns/hires_kin/broadband_265.fits	1	2.59	4	1	0	0	0.5955739424363723	-2.2798340511497286	4.249020312646653	0.16758834419800603	-0.0046395489427855765	2.5858	0.34511671725928433
147	q0.333_fg0.3_allrx10_sunruns/hires_kin/broadband_270.fits	1	2.64	4	1	0	0	0.6141903885823717	-2.0276484066504685	4.547557798138394	0.20139476368016088	0.007157369780590071	2.7975	0.4876899608642349
148	q0.333_fg0.3_allrx10_sunruns/hires_kin/broadband_275.fits	1	2.69	4	1	0	0	0.6369776857247184	-2.1735154777685404	4.75315754711448	0.11588650145755092	-0.01225683059343219	2.6299	0.609175977435797
149	q0.333_fg0.3_allrx10_sunruns/hires_kin/broadband_280.fits	1	2.74	4	1	0	0	0.6298080669293489	-2.3411431955365196	4.408915814908569	0.13955771686324592	-0.005286178437306264	2.5263	0.452410055993875
150	q0.333_fg0.3_allrx10_sunruns/hires_kin/broadband_285.fits	1	2.79	4	1	0	0	0.6094830554919821	-2.318057356068998	4.41989156985617	0.07448144592830537	-0.007683817657598231	2.5068	0.22562079022872616
151	q0.333_fg0.3_allrx10_sunruns/hires_kin/broadband_287.fits	1	2.84	4	1	0	0	0.6265061516712864	-2.3477811069864054	4.423537426167117	0.07895464565716832	-0.0019334675183926683	2.4472	0.4078883614225359
152	q0.333_fg0.3_allrx10_sunruns/hires_kin/broadband_288.fits	1	2.93	4	1	0	0	0.6148573756693526	-2.3160887557123275	4.288530820278957	0.05364106875741886	-0.00107038536819731	2.4441	0.17809509284646816
153	q0.333_fg0.3_allrx10_sunruns/hires_kin/broadband_289.fits	1	3.03	4	1	0	0	0.6219622136530216	-2.429251813358303	4.407543289662365	0.039786310047451014	-0.011021577426984834	2.3499	0.35491159681296247
154	q0.333_fg0.3_allrx10_sunruns/hires_kin/broadband_290.fits	1	3.13	4	1	0	0	0.6183094181977677	-2.3501152014093902	4.410108037186587	0.015539787434810843	-0.006876946290509953	2.3477	0.10659226842711843
155	q0.333_fg0.3_allrx10_sunruns/hires_kin/broadband_295.fits	1	3.62	4	1	0	0	0.6132087955172961	-2.3897246666411016	4.294947652273095	-0.0037896758669164823	-0.010540101405871609	2.3527	0.21532629266715006
156	q0.333_fg0.3_allrx10_sunruns/hires_kin/broadband_305.fits	1	4.6	4	1	0	0	0.6031572656743365	-2.4293609780522694	4.169015864964733	-0.055309479159954954	-0.07953367594083371	2.6022	0.1344463805631719
157	q0.333_fg0.3_allrx10_sunruns/hires_kin_early_cen1/broadband_020.fits	1	0.2	5	1	0	0	0.46491061562144853	-1.7312182301643024	2.631691541734471	-0.011750496515668821	0.005455689949919467	0.8307	0.06994830990623728
158	q0.333_fg0.3_allrx10_sunruns/hires_kin_early_cen1/broadband_040.fits	1	0.39	5	2	8.66981085634067	4.1483940243407975	0.5183033451972857	-1.3063933739797267	3.1728751134976463	0.28607913153132364	-0.009625799127208672	0.773	0.491873638471714
159	q0.333_fg0.3_allrx10_sunruns/hires_kin_early_cen1/broadband_070.fits	1	0.68	5	1	0	0	0.5475046888718793	-2.198712375056986	3.841056773653424	0.1968819874708464	0.010351400772561739	2.8694	0.28906521267312796
160	q0.333_fg0.3_allrx10_sunruns/hires_kin_early_cen1/broadband_080.fits	1	0.78	5	1	0	0	0.5943924275456611	-2.336777516718446	3.959519203628271	0.1340926601822232	0.018877619564925997	2.7699	0.2758002039146208
161	q0.333_fg0.3_allrx10_sunruns/hires_kin_early_cen1/broadband_100.fits	1	0.98	5	1	0	0	0.5646715956224331	-2.359300261310767	3.9336330460499336	0.12848666670608025	0.01155404588707944	3.1932	0.25063676541162494
162	q0.333_fg0.3_allrx10_sunruns/hires_kin_early_cen1/broadband_120.fits	1	1.17	5	1	0	0	0.4925638390248677	-2.024680522399992	3.3774287859826164	0.14624388304983715	0.003470452689818374	2.32	0.35510064081098897
163	q0.333_fg0.3_allrx10_sunruns/hires_kin_early_cen1/broadband_140.fits	1	1.37	5	1	0	0	0.5542165992560124	-2.409775419514349	4.215233264725503	0.10041139167555109	0.004667152670134995	3.0029	0.46677764821501455
164	q0.333_fg0.3_allrx10_sunruns/hires_kin/broadband_150.fits	1	1.47	5	1	0	0	0.6086723455882223	-2.2908904860671018	3.8801384980752633	0.07598100899222052	0.005114166214234066	2.9398	0.2528719742732956
165	q0.333_fg0.3_allrx10_sunruns/hires_kin/broadband_170.fits	1	1.66	5	1	0	0	0.5884948522094282	-2.288904196651748	4.044019969746474	0.07159769839635739	0.012048229083807337	2.6069	0.30903898794952356
166	q0.333_fg0.3_allrx10_sunruns/hires_kin/broadband_180.fits	1	1.76	5	1	0	0	0.5894274306149679	-2.195077522170954	3.617765769061031	0.05346724294930178	0.004435683300955023	2.1053	0.31450373712697194
167	q0.333_fg0.3_allrx10_sunruns/hires_kin/broadband_190.fits	1	1.86	5	1	0	0	0.5942688505323702	-1.8607433046949442	3.7272413874556825	0.09795238778515299	0.002604606552590067	1.9304	0.34608090752625514
168	q0.333_fg0.3_allrx10_sunruns/hires_kin/broadband_210.fits	1	2.05	5	2	11.039172354254866	4.070802194817071	0.611077608851128	-0.678882988629436	2.423829767798349	0.5888500919340012	0.12281085797357981	1.9538	0.3842075954033754
169	q0.333_fg0.3_allrx10_sunruns/hires_kin/broadband_220.fits	1	2.15	5	2	12.47627027851275	5.910170366102439	0.6162600979380217	-0.5803817997870191	2.003784519311043	0.5144863120469644	0.08087128974520454	1.8246	0.4384187990916763
170	q0.333_fg0.3_allrx10_sunruns/hires_kin/broadband_235.fits	1	2.3	5	1	0	0	0.466928414562779	-1.568266521543222	2.397688570748136	0.0915924831660351	0.0	0.7102	0.20459109916305812
171	q0.333_fg0.3_allrx10_sunruns/hires_kin/broadband_247.fits	1	2.42	5	2	10.545505483590858	4.88877443894145	0.6390765900376482	-0.565106197788216	4.308155431909006	0.22733608243030112	-0.10104943858945117	1.8769	0.6131832016890875
172	q0.333_fg0.3_allrx10_sunruns/hires_kin/broadband_250.fits	1	2.44	5	2	5.595156337404713	5.18465663984243	0.5977851085096709	-0.7750635565984987	2.2140780595626426	0.2896710479947621	0.09318556819984518	1.6886	0.41058540387348147
173	q0.333_fg0.3_allrx10_sunruns/hires_kin/broadband_252.fits	1	2.46	5	1	0	0	0.5869285886085144	-1.90773282690503	3.8827414864682908	-0.029924438659144514	-0.1558226356964144	1.3495	0.2204456843656566
174	q0.333_fg0.3_allrx10_sunruns/hires_kin/broadband_255.fits	1	2.49	5	2	2.8431581049952235	14.518441533777406	0.5659972679863425	-1.2925514285535469	3.1587937976560996	0.14419894317249515	0.04045253358583122	0.8608	0.3228964189313912
175	q0.333_fg0.3_allrx10_sunruns/hires_kin/broadband_257.fits	1	2.51	5	2	2.166111426355742	17.575998222852753	0.59708180296258	-1.4528838462841924	3.114772196071521	0.12939020712382285	0.017368464636181438	1.0395	0.2917265955291821
176	q0.333_fg0.3_allrx10_sunruns/hires_kin/broadband_262.fits	1	2.56	5	1	0	0	0.5444638698455554	-1.7734987679624465	3.4803578067871452	0.05515528430065334	-0.0036840694340899757	1.201	0.2773478112339119
177	q0.333_fg0.3_allrx10_sunruns/hires_kin/broadband_265.fits	1	2.59	5	1	0	0	0.5753771813937574	-1.9532709591334618	3.1817790604456158	0.04901591207277046	-0.002472887288422579	1.0176	0.3860523943686914
178	q0.333_fg0.3_allrx10_sunruns/hires_kin/broadband_270.fits	1	2.64	5	1	0	0	0.5716123224495849	-1.9346941714391115	3.270063866626683	0.006648007888494082	-0.00034848117092470813	1.0595	0.3924870625203251
179	q0.333_fg0.3_allrx10_sunruns/hires_kin/broadband_275.fits	1	2.69	5	1	0	0	0.5798527975123724	-1.7255841783555286	3.5475912743602684	0.03131375838218221	-0.03760641869703094	1.2126	0.42896979489447734
180	q0.333_fg0.3_allrx10_sunruns/hires_kin/broadband_280.fits	1	2.74	5	1	0	0	0.56114186130919	-1.871723925034889	3.649938354001777	0.05141232454868649	-0.03437233898865604	1.3869	0.2918703827818595
181	q0.333_fg0.3_allrx10_sunruns/hires_kin/broadband_285.fits	1	2.79	5	1	0	0	0.5515194115164129	-1.8315614383470378	3.507464552493424	0.04635862049183847	-0.04668060243946116	1.3093	0.4845405681292597
182	q0.333_fg0.3_allrx10_sunruns/hires_kin/broadband_287.fits	1	2.84	5	1	0	0	0.5676909125917372	-1.9387952378917894	3.493540958794628	0.025889915406138664	-0.004161948674835648	1.3251	0.3082720711887876
183	q0.333_fg0.3_allrx10_sunruns/hires_kin/broadband_288.fits	1	2.93	5	1	0	0	0.583736171936385	-1.9646630205016822	3.4750078031902323	-0.035923302024608646	-0.002250972669744884	1.4781	0.19116639601585034
184	q0.333_fg0.3_allrx10_sunruns/hires_kin/broadband_289.fits	1	3.03	5	1	0	0	0.5788122730099637	-1.9080125677115896	3.5089623103792738	-0.08940898506011334	-0.06246300571157035	1.1682	0.25237437133029494
185	q0.333_fg0.3_allrx10_sunruns/hires_kin/broadband_305.fits	1	4.6	5	1	0	0	0.5464691734862388	-1.961635803258307	3.4334185294801434	-0.14266077057702573	-0.08778384015762444	1.2382	0.12881294318356482
186	q0.333_fg0.3_allrx10_sunruns/hires_kin_early_cen1/broadband_020.fits	1	0.2	6	1	0	0	0.5731874730019714	-1.566132155168517	3.2459974588788336	-0.006408729332817599	0.06351150374105115	0.5153	0.08025208460145304
187	q0.333_fg0.3_allrx10_sunruns/hires_kin_early_cen1/broadband_040.fits	1	0.39	6	2	11.796509937029889	1.3109918746497784	0.5894866424603105	-0.8133406742387324	2.023298223245697	0.44210360900979323	0.048828033363493555	0.5431	0.6792807476280925
188	q0.333_fg0.3_allrx10_sunruns/hires_kin_early_cen1/broadband_070.fits	1	0.68	6	1	0	0	0.6737173711446964	-2.0029030092950166	3.5240412416704863	0.11617708723808577	0.032876568925017426	1.228	0.553871866633581
189	q0.333_fg0.3_allrx10_sunruns/hires_kin_early_cen1/broadband_080.fits	1	0.78	6	1	0	0	0.6338119757953343	-2.025384896658868	3.387819485734365	0.11102021090187039	0.0239583208631779	1.5364	0.37991932754219565
190	q0.333_fg0.3_allrx10_sunruns/hires_kin_early_cen1/broadband_100.fits	1	0.98	6	1	0	0	0.4853806548678937	-2.037752422555297	3.4412480567334454	0.10960918141627861	0.028637999169603506	1.3564	0.5036414231920106
191	q0.333_fg0.3_allrx10_sunruns/hires_kin_early_cen1/broadband_120.fits	1	1.17	6	1	0	0	0.5805395945320778	-2.009400701187433	3.7256558900042425	0.03599572012013002	0.021784622975290744	1.3737	0.21062795756983776
192	q0.333_fg0.3_allrx10_sunruns/hires_kin_early_cen1/broadband_140.fits	1	1.37	6	1	0	0	0.5839476636043714	-1.9481959216261042	3.3960819491973115	0.0991232967603946	0.028810544451124662	1.3708	0.6766293243613576
193	q0.333_fg0.3_allrx10_sunruns/hires_kin/broadband_150.fits	1	1.47	6	1	0	0	0.5864519196194485	-2.062122831720636	3.797958360867581	0.05348308727554387	0.02810465848738309	1.4581	0.2899630688699148
194	q0.333_fg0.3_allrx10_sunruns/hires_kin/broadband_170.fits	1	1.66	6	1	0	0	0.5951416067847191	-1.716767226143564	3.3314366192706704	0.09044093751510492	0.01888396409707746	1.4662	0.20932108609050337
195	q0.333_fg0.3_allrx10_sunruns/hires_kin/broadband_180.fits	1	1.76	6	1	0	0	0.5799249476476809	-1.957589250798801	3.5602748547638106	0.02556306897811306	0.012040969391825779	1.293	0.22081401956270053
196	q0.333_fg0.3_allrx10_sunruns/hires_kin/broadband_190.fits	1	1.86	6	1	0	0	0.5706847856836135	-1.95886538349336	3.7204456579560254	-0.007280923272903636	0.011722287661062614	1.3706	0.10697849593915429
197	q0.333_fg0.3_allrx10_sunruns/hires_kin/broadband_210.fits	1	2.05	6	2	6.267306455372651	3.0077379808804885	0.6255471855768336	-0.9305257891967925	1.5913826761815197	0.6860550160294384	0.09703629945153776	1.4908	0.9321360903562022
198	q0.333_fg0.3_allrx10_sunruns/hires_kin/broadband_220.fits	1	2.15	6	2	7.855335916503592	4.680367985094112	0.5645641436870469	-0.7941433237933802	3.3592078550700046	0.3688044868169211	-0.005205937400502135	1.7841	0.7545546892979328
199	q0.333_fg0.3_allrx10_sunruns/hires_kin/broadband_240.fits	1	2.35	6	2	9.000018081771975	4.420587588487091	0.6288868596518039	-0.5799261025961502	3.421368064089563	0.3146568599145886	0.008617809879299458	1.4308	0.625858592636048
200	q0.333_fg0.3_allrx10_sunruns/hires_kin/broadband_242.fits	1	2.37	6	2	8.23758314913356	4.688133821452653	0.6047645891513276	-0.5983298187147343	3.8550012142050076	0.36305831051132487	0.056329735895037564	1.4979	0.5601720480325546
201	q0.333_fg0.3_allrx10_sunruns/hires_kin/broadband_245.fits	1	2.4	6	2	6.711722197042868	4.458615279480704	0.5903160812379211	-0.6743623386710556	3.3292253950031925	0.4051986426337994	0.03830156671281128	1.3789	0.5140294950890513
202	q0.333_fg0.3_allrx10_sunruns/hires_kin/broadband_247.fits	1	2.42	6	2	5.542313028696203	4.017538062518283	0.5801390336227392	-0.7531399908932095	2.8817664148379403	0.4389568217624632	0.07486679920003315	1.2123	0.368033875423703
203	q0.333_fg0.3_allrx10_sunruns/hires_kin/broadband_250.fits	1	2.44	6	2	2.983172987124807	4.663156596227842	0.5427148062881081	-1.105313726507073	2.5728025800209093	0.2889061308186565	0.06049030902812679	0.905	0.22152502875373478
204	q0.333_fg0.3_allrx10_sunruns/hires_kin/broadband_252.fits	1	2.46	6	1	0	0	0.5447802524823547	-1.9134147693419497	3.576768039543936	0.03972789775045124	-0.01785289825909402	0.9849	0.32036030386975034
205	q0.333_fg0.3_allrx10_sunruns/hires_kin/broadband_255.fits	1	2.49	6	2	2.520353287625462	6.595382688715735	0.5382870254153138	-1.3751951154934048	2.9774467992271747	0.09774636258783881	0.023188186289380658	0.936	0.450448396323333
206	q0.333_fg0.3_allrx10_sunruns/hires_kin/broadband_257.fits	1	2.51	6	1	0	0	0.5406222805176786	-1.5452183333915412	3.197499207657904	0.050359938012386474	-0.05300268687390789	0.9799	0.3463410358904239
207	q0.333_fg0.3_allrx10_sunruns/hires_kin/broadband_262.fits	1	2.56	6	1	0	0	0.5565995670950559	-1.4651021696642237	3.5614111658422227	0.1118253260077767	-0.16276791852576183	1.1106	0.5280745678652947
208	q0.333_fg0.3_allrx10_sunruns/hires_kin/broadband_265.fits	1	2.59	6	1	0	0	0.5963529524250275	-1.9504895271240243	3.991300325902401	0.04420461813349848	-0.08796046056524504	1.6786	0.46452809605257717
209	q0.333_fg0.3_allrx10_sunruns/hires_kin/broadband_270.fits	1	2.64	6	1	0	0	0.6064097433098692	-2.0402702310288836	3.7027995912602707	0.015419176348864572	-0.007905194279345756	1.4083	0.2807914863490979
210	q0.333_fg0.3_allrx10_sunruns/hires_kin/broadband_275.fits	1	2.69	6	1	0	0	0.5892626489609069	-1.9922823439554134	3.6955061044090347	0.05741515580001702	-0.05098960546964468	1.7029	0.21537893062483024
211	q0.333_fg0.3_allrx10_sunruns/hires_kin/broadband_280.fits	1	2.74	6	1	0	0	0.5745406507942027	-1.9680046049019408	3.665375084477249	0.08192599283260023	-0.02034716056961183	1.6042	0.15357261082631976
212	q0.333_fg0.3_allrx10_sunruns/hires_kin/broadband_285.fits	1	2.79	6	1	0	0	0.5816615173157864	-1.9160851872535516	3.4883343657158234	0.05393952319599782	0.005115761292651731	1.5835	0.2827483157407947
213	q0.333_fg0.3_allrx10_sunruns/hires_kin/broadband_287.fits	1	2.84	6	1	0	0	0.5664084484731835	-1.8805524639819977	3.47067447116915	0.050770084964431195	-0.014463491229627394	1.5257	0.2726304938201158
214	q0.333_fg0.3_allrx10_sunruns/hires_kin/broadband_288.fits	1	2.93	6	1	0	0	0.5648063148220808	-1.9620569955561111	3.616596320866228	0.029120245963653077	-0.020989633952036287	1.5683	0.13945087226696257
215	q0.333_fg0.3_allrx10_sunruns/hires_kin/broadband_289.fits	1	3.03	6	1	0	0	0.5709965705055452	-2.020537787518199	3.647132645114604	0.009476632446191615	-0.05897273767756665	1.5957	0.1545067334928113
216	q0.333_fg0.3_allrx10_sunruns/hires_kin/broadband_290.fits	1	3.13	6	1	0	0	0.586048546239508	-2.0488606529985067	3.592256028273804	0.01521289332373866	0.0011122503829890165	1.7368	0.15093875142803295
217	q0.333_fg0.3_allrx10_sunruns/hires_kin/broadband_295.fits	1	3.62	6	1	0	0	0.5687446561904345	-1.9581842936724276	3.551513103982012	-0.02129412241671384	-0.06488435100226873	1.4842	0.1526316273855934
218	q0.333_fg0.3_allrx10_sunruns/hires_kin/broadband_305.fits	1	4.6	6	1	0	0	0.5828941784222009	-2.142733859401881	3.7718207898161293	-0.06260107880884012	-0.027770926986744562	1.8373	0.09844421000956104
