Counter	Image	Merger	Myr	Viewpoint	# Bulges	Sep	Flux Ratio	Gini	M20	C	A	S	Sersic n	A_s
0	q0.1_fg0.3_BT0.2_allrx10_sunruns/hires_kin_early_cen1/broadband_005.fits	1	0.05	0	1	0	0	0.5293423313748513	-1.922148322703887	3.0323266102019226	-0.054240695151168195	-0.023610200970766434	1.4846	0.08164960521769195
1	q0.1_fg0.3_BT0.2_allrx10_sunruns/hires_kin_early_cen1/broadband_040.fits	1	0.39	0	1	0	0	0.48889706752541795	-1.8822017465869225	2.8901587117157335	-0.012128429531253631	0.002549064869012544	1.333	0.07649611665540251
2	q0.1_fg0.3_BT0.2_allrx10_sunruns/hires_kin_early_cen1/broadband_060.fits	1	0.59	0	1	0	0	0.48245952226449595	-1.8172448797458094	2.891703429872429	0.04094572065348824	0.03339922737779034	1.1129	0.3128255775339246
3	q0.1_fg0.3_BT0.2_allrx10_sunruns/hires_kin_early_cen1/broadband_100.fits	1	0.98	0	1	0	0	0.5111820165304424	-1.867010206002666	2.8314604835750607	0.016835602605443162	0.046280810977846455	1.233	0.07922352398375301
4	q0.1_fg0.3_BT0.2_allrx10_sunruns/hires_kin_early_cen1/broadband_200.fits	1	1.96	0	1	0	0	0.5363914196096703	-1.89795146109751	2.9306309368551737	0.05584600154431435	0.0026299067325328664	1.3687	0.14892060601175994
5	q0.1_fg0.3_BT0.2_allrx10_sunruns/hires_kin_early_cen1/broadband_300.fits	1	2.93	0	1	0	0	0.49924913811025146	-1.9074391816639331	2.899069483003103	0.001331950555067103	-0.007667830462102458	1.5004	0.11089061431640446
6	q0.1_fg0.3_BT0.2_allrx10_sunruns/hires_kin_early_cen1/broadband_400.fits	1	3.91	0	1	0	0	0.5074133516178528	-1.9380518145420753	2.935088050059977	-0.07414507089877338	-0.04972409166121039	1.7533	0.14190073011215754
7	q0.1_fg0.3_BT0.2_allrx10_sunruns/hires_kin_early_cen1/broadband_410.fits	1	4.01	0	1	0	0	0.5060184566049678	-1.945460306260843	2.970605338575808	-0.08788950283950696	-0.0809973759219821	1.7567	0.12221022056721183
8	q0.1_fg0.3_BT0.2_allrx10_sunruns/hires_kin_early_cen1/broadband_005.fits	1	0.05	1	1	0	0	0.5974937737071363	-1.6963473406364713	3.37249649990895	-0.004531144359397794	0.042355870986585865	0.6257	0.08736603729686829
9	q0.1_fg0.3_BT0.2_allrx10_sunruns/hires_kin_early_cen1/broadband_040.fits	1	0.39	1	1	0	0	0.593583614991611	-1.6797272451439764	3.2886095147525953	-0.028216712183970444	0.039494795059708196	0.6032	0.08385438048126073
10	q0.1_fg0.3_BT0.2_allrx10_sunruns/hires_kin_early_cen1/broadband_060.fits	1	0.59	1	1	0	0	0.5323961058041714	-1.7584208737622717	3.3470917757999534	-0.016565175721998036	0.07632845762620497	0.5753	0.16216112980537298
11	q0.1_fg0.3_BT0.2_allrx10_sunruns/hires_kin_early_cen1/broadband_100.fits	1	0.98	1	1	0	0	0.5110055619152308	-1.6305747930111925	3.2674436677916012	-0.01974235718711718	0.050036656770129265	0.5871	0.10328829289857584
12	q0.1_fg0.3_BT0.2_allrx10_sunruns/hires_kin_early_cen1/broadband_200.fits	1	1.96	1	1	0	0	0.5247722632983114	-1.7226559631194942	3.264077650400965	-0.044850235257093925	0.03941550101435155	0.7458	0.1007424663841705
13	q0.1_fg0.3_BT0.2_allrx10_sunruns/hires_kin_early_cen1/broadband_300.fits	1	2.93	1	1	0	0	0.5365539376001629	-1.752105002229084	3.2696654131961687	-0.055693249093796915	0.011801097447011945	0.7913	0.16401577301740564
14	q0.1_fg0.3_BT0.2_allrx10_sunruns/hires_kin_early_cen1/broadband_400.fits	1	3.91	1	1	0	0	0.5406841650401496	-1.7853506030739519	3.3141052695792412	-0.08771925674530726	-0.0031635392321071602	0.8633	0.11474807503752774
15	q0.1_fg0.3_BT0.2_allrx10_sunruns/hires_kin_early_cen1/broadband_410.fits	1	4.01	1	1	0	0	0.53025744081882	-1.8055536023045577	3.366488903547908	-0.02378230486024847	0.029901604082821956	0.8997	0.13119310022490013
16	q0.1_fg0.3_BT0.2_allrx10_sunruns/hires_kin_early_cen1/broadband_420.fits	1	4.11	1	2	4.5666538954809335	9.616122783836644	0.589164086391665	-1.74040032854317	3.2936793145855376	0.03253737559628405	0.028380819131244964	0.9144	0.3216799831166704
17	q0.1_fg0.3_BT0.2_allrx10_sunruns/hires_kin/broadband_600.fits	1	5.85	1	1	0	0	0.552520563261098	-1.7906426261828943	3.667969716633422	-0.07188906046561698	0.007300177878170178	1.1555	0.11850092065189637
18	q0.1_fg0.3_BT0.2_allrx10_sunruns/hires_kin/broadband_640.fits	1	6.24	1	1	0	0	0.564661674681438	-1.891433016272256	3.68965494765913	-0.07665289342321166	0.02169042388329061	1.1787	0.28117294027471407
19	q0.1_fg0.3_BT0.2_allrx10_sunruns/hires_kin/broadband_700.fits	1	6.83	1	1	0	0	0.5652851609346135	-1.9558170082904414	3.7032969009820578	-0.0984111009392625	0.03184957814509159	1.261	0.1858878631766637
20	q0.1_fg0.3_BT0.2_allrx10_sunruns/hires_kin/broadband_1150.fits	1	11.64	1	1	0	0	0.5139065980582318	-1.8439800962543074	3.624983808879726	-0.015790115688851143	0.04033774142033847	1.4086	0.17871786513098878
21	q0.1_fg0.3_BT0.2_allrx10_sunruns/hires_kin_early_cen1/broadband_005.fits	1	0.05	2	1	0	0	0.5739655111906827	-1.7286464535401413	3.305426735314687	-0.011602280562383419	0.03221739811625044	0.6922	0.13198930137469256
22	q0.1_fg0.3_BT0.2_allrx10_sunruns/hires_kin_early_cen1/broadband_060.fits	1	0.59	2	1	0	0	0.618877696263955	-1.5690319374363468	2.9786360413337793	0.09409311857932633	0.024685420989864388	0.774	0.37551685574853827
23	q0.1_fg0.3_BT0.2_allrx10_sunruns/hires_kin_early_cen1/broadband_100.fits	1	0.98	2	1	0	0	0.5977848987910751	-1.6910340790231364	2.9911710913263976	0.05229067804432838	0.019106983987835842	0.6832	0.2934804604171347
24	q0.1_fg0.3_BT0.2_allrx10_sunruns/hires_kin_early_cen1/broadband_200.fits	1	1.96	2	1	0	0	0.5186083104778432	-1.7480532435471596	3.244447628610641	-0.036762293635977175	0.018340137089265747	0.8184	0.1836049454887785
25	q0.1_fg0.3_BT0.2_allrx10_sunruns/hires_kin_early_cen1/broadband_300.fits	1	2.93	2	1	0	0	0.48416407245643506	-1.7681206298740468	3.16878272541019	-0.057896610351661756	0.009465882086824954	0.8416	0.13471754815192302
26	q0.1_fg0.3_BT0.2_allrx10_sunruns/hires_kin_early_cen1/broadband_400.fits	1	3.91	2	1	0	0	0.5173784645015356	-1.8446924343223972	3.2250699012173993	-0.06816091631484257	0.0031758957402360627	0.9233	0.09907137276116264
27	q0.1_fg0.3_BT0.2_allrx10_sunruns/hires_kin_early_cen1/broadband_410.fits	1	4.01	2	1	0	0	0.5219765352725552	-1.836697888343722	3.318783103294076	-0.06531505114339636	0.007164189483896636	0.9257	0.1378413442283683
28	q0.1_fg0.3_BT0.2_allrx10_sunruns/hires_kin_early_cen1/broadband_420.fits	1	4.11	2	1	0	0	0.5468582877649149	-1.8195722366707572	3.4396675210232743	-0.043985780293790355	0.01697467713936802	0.9444	0.31767919238434167
29	q0.1_fg0.3_BT0.2_allrx10_sunruns/hires_kin/broadband_600.fits	1	5.85	2	1	0	0	0.5611099796923864	-2.0232051160510798	3.3599082485050324	-0.03903757228269888	0.00019657821584443232	1.4169	0.3059185543366123
30	q0.1_fg0.3_BT0.2_allrx10_sunruns/hires_kin/broadband_640.fits	1	6.24	2	1	0	0	0.5091049261344819	-1.9316894174850956	3.3527333169206273	-0.08013066375580508	-0.01139783630226921	1.4828	0.26619783991213264
31	q0.1_fg0.3_BT0.2_allrx10_sunruns/hires_kin/broadband_700.fits	1	6.83	2	1	0	0	0.5423830847535468	-2.0048919227283135	3.470608837953881	-0.10313164735456531	-0.025274045441924277	1.697	0.23960255493982957
32	q0.1_fg0.3_BT0.2_allrx10_sunruns/hires_kin/broadband_800.fits	1	7.8	2	1	0	0	0.5416656698144273	-1.9991063403743976	3.385763704280695	-0.11568751369346991	-0.009675076962199842	1.6217	0.32384574426886004
33	q0.1_fg0.3_BT0.2_allrx10_sunruns/hires_kin/broadband_840.fits	1	8.19	2	1	0	0	0.5328214258674101	-1.875785797254045	3.417520179861886	-0.009084973069318821	-0.0026762250321664413	1.5693	0.34927869079438684
34	q0.1_fg0.3_BT0.2_allrx10_sunruns/hires_kin/broadband_900.fits	1	8.78	2	1	0	0	0.5372147363244233	-1.998054650938985	3.3937524288583996	-0.06536227806098417	-0.006074317165012392	1.6255	0.227600130575274
35	q0.1_fg0.3_BT0.2_allrx10_sunruns/hires_kin/broadband_940.fits	1	9.17	2	1	0	0	0.5278608225033422	-1.9972720771960792	3.5482569216707165	-0.10917978356304617	-0.09160572407991369	1.7863	0.37628791074052337
36	q0.1_fg0.3_BT0.2_allrx10_sunruns/hires_kin/broadband_980.fits	1	9.56	2	1	0	0	0.5276603415452183	-2.0903715027639453	3.4537284451328687	-0.17008219993460574	-0.08204231802624348	1.8384	0.25045307360494207
37	q0.1_fg0.3_BT0.2_allrx10_sunruns/hires_kin/broadband_1020.fits	1	9.95	2	1	0	0	0.5344508961428354	-2.088563038999688	3.4363447951239756	-0.12611870524333255	-0.019300164188509314	1.8488	0.16036558414762617
38	q0.1_fg0.3_BT0.2_allrx10_sunruns/hires_kin/broadband_1080.fits	1	10.54	2	1	0	0	0.5361946498117135	-2.0926335777408287	3.527287810113255	-0.14876411664952002	-0.041003429598929414	1.8406	0.09578041370577964
39	q0.1_fg0.3_BT0.2_allrx10_sunruns/hires_kin/broadband_1100.fits	1	10.74	2	1	0	0	0.531778122704265	-2.094653458489984	3.5390383510065133	-0.12101322201493563	-0.035777982143029415	1.7868	0.10153555283355743
40	q0.1_fg0.3_BT0.2_allrx10_sunruns/hires_kin/broadband_1140.fits	1	11.13	2	1	0	0	0.5090588997255787	-2.0909594700494107	3.5215810790668893	-0.14135873511117528	-0.0207570696568527	1.8969	0.13529291500374946
41	q0.1_fg0.3_BT0.2_allrx10_sunruns/hires_kin/broadband_1155.fits	1	12.13	2	1	0	0	0.5286552458810799	-2.0802493521127676	3.486786517467349	-0.14408649181923744	-0.05708675148981291	1.8148	0.1170221922844169
42	q0.1_fg0.3_BT0.2_allrx10_sunruns/hires_kin_early_cen1/broadband_005.fits	1	0.05	3	1	0	0	0.5277545405865456	-1.9081422022845134	3.023869178076613	-0.04197241621146391	-0.0033963436621168483	1.3736	0.06136420635600853
43	q0.1_fg0.3_BT0.2_allrx10_sunruns/hires_kin_early_cen1/broadband_040.fits	1	0.39	3	1	0	0	0.5678519348692341	-1.8175016870198828	3.0617564025909627	0.06883830820777763	0.01686476930142791	1.3185	0.24483575071566238
44	q0.1_fg0.3_BT0.2_allrx10_sunruns/hires_kin_early_cen1/broadband_060.fits	1	0.59	3	1	0	0	0.4803373986036285	-1.798443704113705	2.6617982363201027	0.059659971903388946	0.0313558481506749	1.0353	0.3519057789086183
45	q0.1_fg0.3_BT0.2_allrx10_sunruns/hires_kin_early_cen1/broadband_100.fits	1	0.98	3	1	0	0	0.49511283810778517	-1.8597968433576662	2.8601926891832807	0.014526747541255984	0.02929957952483152	1.1612	0.09334819354273326
46	q0.1_fg0.3_BT0.2_allrx10_sunruns/hires_kin_early_cen1/broadband_200.fits	1	1.96	3	1	0	0	0.5230958947044775	-1.8707199494553974	2.913256402796132	0.031307924925558867	0.009723662417127483	1.2775	0.1774917091677394
47	q0.1_fg0.3_BT0.2_allrx10_sunruns/hires_kin_early_cen1/broadband_300.fits	1	2.93	3	1	0	0	0.49905104708185816	-1.9120762521423587	2.9639984160980406	-0.0297333296930118	0.003053805094373078	1.3889	0.14311178981751504
48	q0.1_fg0.3_BT0.2_allrx10_sunruns/hires_kin_early_cen1/broadband_400.fits	1	3.91	3	1	0	0	0.49482884029696217	-1.9162974960540085	2.99150393119809	-0.03386348588079213	-0.005082495665079152	1.5543	0.2197586537212373
49	q0.1_fg0.3_BT0.2_allrx10_sunruns/hires_kin_early_cen1/broadband_410.fits	1	4.01	3	1	0	0	0.5088277048638282	-1.9371083340022832	3.0018926166237705	-0.08292581879642677	-0.018231480138362528	1.554	0.131323687833255
50	q0.1_fg0.3_BT0.2_allrx10_sunruns/hires_kin_early_cen1/broadband_420.fits	1	4.11	3	1	0	0	0.5145404565115592	-1.6592811222077921	2.9285817377690075	-0.035782004584055074	-0.0031067538628348807	1.4593	0.1266588552960218
51	q0.1_fg0.3_BT0.2_allrx10_sunruns/hires_kin/broadband_840.fits	1	8.19	3	2	6.554132523750878	24.865660513079316	0.5294277835912199	-2.024068486967021	3.3859939035824507	-0.05281626685325169	-0.027966945069085567	1.8691	0.17558321628793586
52	q0.1_fg0.3_BT0.2_allrx10_sunruns/hires_kin_early_cen1/broadband_005.fits	1	0.05	4	1	0	0	0.5328943753245654	-1.9285072924068856	3.0132423205309196	-0.0369713272632686	-0.011624674027081162	1.4248	0.06144632650546922
53	q0.1_fg0.3_BT0.2_allrx10_sunruns/hires_kin_early_cen1/broadband_040.fits	1	0.39	4	1	0	0	0.48741544423699756	-1.882552530767488	2.875773437539885	-0.010584730201099454	0.005761231105811206	1.2953	0.07528182840824793
54	q0.1_fg0.3_BT0.2_allrx10_sunruns/hires_kin_early_cen1/broadband_060.fits	1	0.59	4	1	0	0	0.49749728056093034	-1.8086076935904913	2.9604191215272904	0.04190620533634738	0.043393873417996755	1.086	0.3478874817009998
55	q0.1_fg0.3_BT0.2_allrx10_sunruns/hires_kin_early_cen1/broadband_100.fits	1	0.98	4	1	0	0	0.5024399881968552	-1.8417804353726581	2.7208482985903575	0.015401415903549901	0.027627143665755246	1.2106	0.09630907924498727
56	q0.1_fg0.3_BT0.2_allrx10_sunruns/hires_kin_early_cen1/broadband_200.fits	1	1.96	4	1	0	0	0.5362311379545671	-1.905686214420299	2.969785117725574	0.03645567599834025	-0.009423196745119258	1.3888	0.14768093087188275
57	q0.1_fg0.3_BT0.2_allrx10_sunruns/hires_kin_early_cen1/broadband_300.fits	1	2.93	4	1	0	0	0.5052917300779883	-1.909201739102203	2.92320547593153	-0.046972593687407097	-0.01150165311654416	1.4897	0.15263374913428898
58	q0.1_fg0.3_BT0.2_allrx10_sunruns/hires_kin_early_cen1/broadband_400.fits	1	3.91	4	1	0	0	0.505507812449873	-1.9411501081679354	2.9490844535659937	-0.03674997534555424	-0.039765508426237335	1.7234	0.18852845034616364
59	q0.1_fg0.3_BT0.2_allrx10_sunruns/hires_kin_early_cen1/broadband_410.fits	1	4.01	4	1	0	0	0.5180077551610347	-1.9714139478400885	2.963595801527595	-0.08009385149783438	-0.0910038126264572	1.7433	0.09420316509316613
60	q0.1_fg0.3_BT0.2_allrx10_sunruns/hires_kin_early_cen1/broadband_420.fits	1	4.11	4	2	5.189888899099874	34.321005274229556	0.4892115834359806	-1.750001411224938	2.823715485167288	-0.02667868140634471	-0.02449049150166236	1.7096	0.18743145275722292
61	q0.1_fg0.3_BT0.2_allrx10_sunruns/hires_kin_early_cen1/broadband_005.fits	1	0.05	5	1	0	0	0.5168921967154102	-1.894747450887866	2.998445523443563	-0.06104584071711424	-0.003820213242281943	1.2974	0.06799288183783976
62	q0.1_fg0.3_BT0.2_allrx10_sunruns/hires_kin_early_cen1/broadband_040.fits	1	0.39	5	1	0	0	0.46732306160355913	-1.8541165962763748	2.833526976371586	-0.03809147873715267	0.0032825829871853834	1.1459	0.054848256949667336
63	q0.1_fg0.3_BT0.2_allrx10_sunruns/hires_kin_early_cen1/broadband_060.fits	1	0.59	5	1	0	0	0.5195532325839666	-1.7422772147155192	2.7970615943181842	0.023008492035109285	0.031771544154877394	0.9329	0.3156610920286874
64	q0.1_fg0.3_BT0.2_allrx10_sunruns/hires_kin_early_cen1/broadband_100.fits	1	0.98	5	1	0	0	0.500410445456528	-1.7844626215464163	2.698588732172746	0.02606367717582978	0.015809338365454808	1.0413	0.12675273345604823
65	q0.1_fg0.3_BT0.2_allrx10_sunruns/hires_kin_early_cen1/broadband_200.fits	1	1.96	5	1	0	0	0.5033248639927071	-1.8470126032207974	2.965460450088396	0.01703111418063564	0.004294567524918573	1.1723	0.10642631545229315
66	q0.1_fg0.3_BT0.2_allrx10_sunruns/hires_kin_early_cen1/broadband_300.fits	1	2.93	5	1	0	0	0.479932461172001	-1.8581368309742303	2.889540934671675	0.00582977348157353	7.974630800165727e-05	1.2178	0.15744790779634554
67	q0.1_fg0.3_BT0.2_allrx10_sunruns/hires_kin_early_cen1/broadband_400.fits	1	3.91	5	1	0	0	0.4880234993824191	-1.9152523148864722	2.9763632137429785	-0.04638011059022185	-0.0023777678429899593	1.3536	0.15089320149920582
68	q0.1_fg0.3_BT0.2_allrx10_sunruns/hires_kin_early_cen1/broadband_410.fits	1	4.01	5	1	0	0	0.5030650904002228	-1.924875894489542	2.9861605765558035	-0.07425270576734558	-0.0036543109808101324	1.3431	0.08798256044611814
69	q0.1_fg0.3_BT0.2_allrx10_sunruns/hires_kin_early_cen1/broadband_420.fits	1	4.11	5	1	0	0	0.5294624276264133	-1.7741079345150605	3.041285890425067	0.0005700410807595813	-0.017658343890256358	1.4229	0.281450471185747
70	q0.1_fg0.3_BT0.2_allrx10_sunruns/hires_kin/broadband_600.fits	1	5.85	5	1	0	0	0.5231911478426281	-1.994349530196941	3.39926211202712	-0.07861138711856293	-0.038973621409134455	1.675	0.29266015596720774
71	q0.1_fg0.3_BT0.2_allrx10_sunruns/hires_kin/broadband_640.fits	1	6.24	5	1	0	0	0.52377423136287	-1.9712738415707196	3.23245443399034	-0.08072169762654999	-0.024944339606858525	1.6918	0.19817250187328903
72	q0.1_fg0.3_BT0.2_allrx10_sunruns/hires_kin/broadband_800.fits	1	7.8	5	1	0	0	0.5373598106141919	-1.951003448396809	3.2818598786324342	-0.07576249059981537	-0.0671778809227841	1.7967	0.3204210047894841
73	q0.1_fg0.3_BT0.2_allrx10_sunruns/hires_kin/broadband_840.fits	1	8.19	5	1	0	0	0.5151229881850476	-1.9073809355905127	3.2857018861174487	-0.1002311104340992	-0.026335161538677963	1.7822	0.2335668205312289
74	q0.1_fg0.3_BT0.2_allrx10_sunruns/hires_kin/broadband_1020.fits	1	9.95	5	1	0	0	0.5109436066209353	-2.107384561511651	3.463662675276453	-0.20211623590622857	-0.11905720724530097	2.1015	0.09136952814211156
75	q0.1_fg0.3_BT0.2_allrx10_sunruns/hires_kin/broadband_1140.fits	1	11.13	5	1	0	0	0.5186825048250241	-2.119564800739667	3.4995997615592653	-0.14471891729053776	-0.10128112443668351	2.0522	0.15821785565101573
76	q0.1_fg0.3_BT0.2_allrx10_sunruns/hires_kin/broadband_1155.fits	1	12.13	5	1	0	0	0.5105817360838801	-2.091321341116453	3.443597228337292	-0.12331618354744471	-0.18286013139803636	1.9939	0.11523043356384159
77	q0.1_fg0.3_BT0.2_allrx10_sunruns/hires_kin_early_cen1/broadband_005.fits	1	0.05	6	1	0	0	0.5925813276456126	-1.7119865321856764	3.414275826356901	-0.049914917015053496	0.037453658780916124	0.6384	0.09547783385370776
78	q0.1_fg0.3_BT0.2_allrx10_sunruns/hires_kin_early_cen1/broadband_060.fits	1	0.59	6	1	0	0	0.4914541341495801	-1.2935300138018473	2.7095164346132563	0.0958997863069813	0.023306296288299076	0.5884	0.3284213928344223
79	q0.1_fg0.3_BT0.2_allrx10_sunruns/hires_kin_early_cen1/broadband_100.fits	1	0.98	6	1	0	0	0.5460568920636857	-1.601509318914887	3.1481037158777943	-0.02829004035959147	0.03217632397558197	0.6209	0.3386545053998094
80	q0.1_fg0.3_BT0.2_allrx10_sunruns/hires_kin_early_cen1/broadband_200.fits	1	1.96	6	1	0	0	0.5858115456460984	-1.7527085094242945	3.4938939779291367	-0.061116835760310156	0.04754231752048645	0.7395	0.10324620305608703
81	q0.1_fg0.3_BT0.2_allrx10_sunruns/hires_kin_early_cen1/broadband_300.fits	1	2.93	6	1	0	0	0.5621436944102803	-1.736793288054927	3.47839255472902	-0.06694690356924303	0.033293631128807066	0.7449	0.16322903126788146
82	q0.1_fg0.3_BT0.2_allrx10_sunruns/hires_kin_early_cen1/broadband_400.fits	1	3.91	6	1	0	0	0.5470283524335566	-1.7375465313967768	3.464545260668376	-0.09781923781291853	0.025734318528916805	0.8414	0.0991429484857604
83	q0.1_fg0.3_BT0.2_allrx10_sunruns/hires_kin_early_cen1/broadband_410.fits	1	4.01	6	1	0	0	0.5655041346689073	-1.81171444871679	3.436020889125059	-0.04523527789615178	0.03143784434510725	0.8262	0.09777594255047546
84	q0.1_fg0.3_BT0.2_allrx10_sunruns/hires_kin/broadband_600.fits	1	5.85	6	1	0	0	0.5465133105417003	-1.911977431595561	3.430894181930737	-0.06904021240094499	-0.0019486196435157448	1.2248	0.21426978706111152
85	q0.1_fg0.3_BT0.2_allrx10_sunruns/hires_kin/broadband_640.fits	1	6.24	6	1	0	0	0.5291034236084772	-1.9909721890844316	3.5068724703825325	-0.09679632150884876	0.005757385410942435	1.281	0.2060930622324472
86	q0.1_fg0.3_BT0.2_allrx10_sunruns/hires_kin/broadband_700.fits	1	6.83	6	1	0	0	0.5380999557812501	-1.892289146555593	3.41095359362594	-0.05173773806230266	0.0017467812254824656	1.3855	0.19917000911700283
87	q0.1_fg0.3_BT0.2_allrx10_sunruns/hires_kin/broadband_800.fits	1	7.8	6	1	0	0	0.5402882692894678	-1.9442802949876765	3.4527866695449543	-0.07205821232661644	0.01074005510488781	1.4592	0.14233125923489487
88	q0.1_fg0.3_BT0.2_allrx10_sunruns/hires_kin/broadband_840.fits	1	8.19	6	1	0	0	0.5351275780302116	-2.046277973345755	3.586850751944046	-0.08424781018476428	-0.009626912391685078	1.5392	0.26340558153688765
89	q0.1_fg0.3_BT0.2_allrx10_sunruns/hires_kin/broadband_900.fits	1	8.78	6	1	0	0	0.5287707323816765	-1.9420945714425406	3.421817076228667	-0.08034523558890992	0.0011862272428790808	1.5723	0.2539524616351011
90	q0.1_fg0.3_BT0.2_allrx10_sunruns/hires_kin/broadband_940.fits	1	9.17	6	1	0	0	0.5405071140544441	-2.0852480275745835	3.574707940363803	-0.09508342880772636	-0.011025124538072764	1.7589	0.35064303023230153
91	q0.1_fg0.3_BT0.2_allrx10_sunruns/hires_kin/broadband_980.fits	1	9.56	6	1	0	0	0.5399267978174571	-2.089072542349222	3.5514191366159413	-0.09986555203714877	-0.008476069511227651	1.8356	0.10977974268729053
92	q0.1_fg0.3_BT0.2_allrx10_sunruns/hires_kin/broadband_1000.fits	1	9.76	6	1	0	0	0.5392494462915313	-2.074940928614282	3.6036558221403676	-0.07816563259696138	-0.052668327192407764	1.7554	0.20441406599346437
93	q0.1_fg0.3_BT0.2_allrx10_sunruns/hires_kin/broadband_1020.fits	1	9.95	6	1	0	0	0.5389550767158247	-2.0916689045650245	3.618132361261051	-0.11703013776117825	-0.0423444096902238	1.7603	0.12576383755962875
94	q0.1_fg0.3_BT0.2_allrx10_sunruns/hires_kin/broadband_1060.fits	1	10.35	6	1	0	0	0.541001267631973	-2.086414365332086	3.5193799044644343	-0.1307409310005047	-0.01770255718850289	1.8378	0.09222350181785467
95	q0.1_fg0.3_BT0.2_allrx10_sunruns/hires_kin/broadband_1100.fits	1	10.74	6	1	0	0	0.5254766145958687	-2.0399562190836344	3.4341331535988724	-0.0946024928017409	0.004356789045539924	1.7219	0.1230877599704947
96	q0.1_fg0.3_BT0.2_allrx10_sunruns/hires_kin/broadband_1155.fits	1	12.13	6	1	0	0	0.5381502286319894	-2.092727852289922	3.499016445587801	-0.15101076079146564	-0.012878610147465488	1.7682	0.13557164443794137
0	isolated_galaxies/m1_fg0.3_BT0.2/rot_45/broadband_005.fits	0	0.05	0	1	0	0	0.5010297605431042	-1.871821590931181	2.978062428424111	-0.0416022082889953	-0.006316899979760607	1.3162	0.0850810548495171
1	isolated_galaxies/m1_fg0.3_BT0.2/rot_45/broadband_030.fits	0	0.29	0	1	0	0	0.5244275436062559	-1.855839253846012	2.8934289729180023	0.005235083907231738	0.004950360429260348	1.2207	0.09457200960766282
2	isolated_galaxies/m1_fg0.3_BT0.2/rot_45/broadband_060.fits	0	0.59	0	1	0	0	0.515095188753267	-1.8601602177428453	2.8487769837882873	-0.006938184763605747	-0.00011618082482592562	1.2074	0.07847421985877089
3	isolated_galaxies/m1_fg0.3_BT0.2/rot_45/broadband_090.fits	0	0.88	0	1	0	0	0.49154982379193257	-1.8205680136360471	2.851372106250088	0.021628421028657276	0.007902656139563702	1.1881	0.1226205418507097
4	isolated_galaxies/m1_fg0.3_BT0.2/rot_45/broadband_100.fits	0	0.98	0	1	0	0	0.4938372693814579	-1.7913153431669204	2.770675906173245	0.03601329926110892	0.008988534158330867	1.1024	0.11280736838986279
5	isolated_galaxies/m1_fg0.3_BT0.2/rot_45/broadband_120.fits	0	1.17	0	1	0	0	0.5028915677511111	-1.818680489220163	2.7880195130619128	-0.0053041753729550604	0.004390959263276616	1.1181	0.10259237174427493
6	isolated_galaxies/m1_fg0.3_BT0.2/rot_45/broadband_150.fits	0	1.47	0	1	0	0	0.5063563300526662	-1.829110754839734	2.7951856099279153	-0.01242112144798716	0.0036428575342286164	1.1008	0.11783711492728233
7	isolated_galaxies/m1_fg0.3_BT0.2/rot_45/broadband_180.fits	0	1.76	0	1	0	0	0.5025662906900747	-1.8476699450932488	2.8098835858100655	-0.014503472431172467	0.006883907492150365	1.1523	0.13498239253064184
8	isolated_galaxies/m1_fg0.3_BT0.2/rot_45/broadband_200.fits	0	1.96	0	1	0	0	0.5067715244920314	-1.8373367639670548	2.7883310160089163	-0.008623692835502742	0.00587467167609736	1.1233	0.10024432111096264
9	isolated_galaxies/m1_fg0.3_BT0.2/rot_45/broadband_005.fits	0	0.05	1	1	0	0	0.4831701366825912	-1.8256931477643832	2.9466228885165524	-0.0188547189665154	0.0015523526298307307	1.1465	0.05269782831634476
10	isolated_galaxies/m1_fg0.3_BT0.2/rot_45/broadband_030.fits	0	0.29	1	1	0	0	0.529240243956875	-1.816361797069872	2.871592890504881	0.0015281143785168677	-0.0004259866872533619	1.0616	0.06578604838775957
11	isolated_galaxies/m1_fg0.3_BT0.2/rot_45/broadband_060.fits	0	0.59	1	1	0	0	0.5129867597796139	-1.830555348369515	2.871410620200594	0.013574922651909722	0.001941374422062602	1.0648	0.08463148247204619
12	isolated_galaxies/m1_fg0.3_BT0.2/rot_45/broadband_090.fits	0	0.88	1	1	0	0	0.5181777387579318	-1.796884307107422	2.850392928490719	0.021271667381381906	0.004600944530175955	1.0446	0.09242867640654305
13	isolated_galaxies/m1_fg0.3_BT0.2/rot_45/broadband_100.fits	0	0.98	1	1	0	0	0.4758789154986486	-1.7395113383082852	2.769508117040906	0.02882125594333257	0.013155039351634642	0.9876	0.09310006411486163
14	isolated_galaxies/m1_fg0.3_BT0.2/rot_45/broadband_120.fits	0	1.17	1	1	0	0	0.5000208969661077	-1.7902434861128906	2.8375767244150585	-0.012779485830281045	0.0033826182101333487	1.009	0.07865873070737092
15	isolated_galaxies/m1_fg0.3_BT0.2/rot_45/broadband_150.fits	0	1.47	1	1	0	0	0.4874987833548134	-1.7900224173859096	2.812312547012507	0.0020141262607909793	0.005740800313046678	0.9925	0.07887566731317987
16	isolated_galaxies/m1_fg0.3_BT0.2/rot_45/broadband_180.fits	0	1.76	1	1	0	0	0.492374579489468	-1.8451596733860411	2.838304019493213	-0.016472474931819928	0.006794225886561517	1.0343	0.0709228299360441
17	isolated_galaxies/m1_fg0.3_BT0.2/rot_45/broadband_200.fits	0	1.96	1	1	0	0	0.5013990386772588	-1.7926073552297457	2.8128183506294513	-0.007941520158469526	0.0014729120858269957	1.0116	0.09519246036591818
18	isolated_galaxies/m1_fg0.3_BT0.2/rot_45/broadband_005.fits	0	0.05	2	1	0	0	0.5005524721405573	-1.8331063268376113	2.929606076986912	-0.04216928634263509	-0.0012435659520066392	1.1461	0.04766398450631427
19	isolated_galaxies/m1_fg0.3_BT0.2/rot_45/broadband_030.fits	0	0.29	2	1	0	0	0.5189723070166358	-1.8375885527777116	2.875280475839739	-0.02625419237082828	0.004105885874252926	1.0432	0.07718930150268152
20	isolated_galaxies/m1_fg0.3_BT0.2/rot_45/broadband_060.fits	0	0.59	2	1	0	0	0.5137883377679258	-1.8170701636367013	2.8333530154278623	0.01497450350440516	0.011546221921682325	1.0244	0.097127049417887
21	isolated_galaxies/m1_fg0.3_BT0.2/rot_45/broadband_090.fits	0	0.88	2	1	0	0	0.5188142589758146	-1.8547693485510943	2.8303794275016547	-0.0010055340903349316	-0.0005797000334648835	1.0418	0.08925633922085417
22	isolated_galaxies/m1_fg0.3_BT0.2/rot_45/broadband_100.fits	0	0.98	2	1	0	0	0.473547999209228	-1.8126800438164814	2.84073918119104	-0.001537302436673791	0.0026138887510106933	1.0118	0.09799954906211363
23	isolated_galaxies/m1_fg0.3_BT0.2/rot_45/broadband_120.fits	0	1.17	2	1	0	0	0.5037315910085711	-1.7948974437324827	2.820975299326191	-0.021586611726378088	0.004000595222946032	0.9955	0.06531834342256486
24	isolated_galaxies/m1_fg0.3_BT0.2/rot_45/broadband_150.fits	0	1.47	2	1	0	0	0.4871201768036045	-1.808152350679894	2.8261811430130077	-0.0030827273986410125	0.0013574015377592178	0.9878	0.06961904916594887
25	isolated_galaxies/m1_fg0.3_BT0.2/rot_45/broadband_180.fits	0	1.76	2	1	0	0	0.49106679553669597	-1.7983533452590563	2.8447071457703355	-0.035740479638713275	0.0036420232277844505	1.0111	0.06243105854094402
26	isolated_galaxies/m1_fg0.3_BT0.2/rot_45/broadband_200.fits	0	1.96	2	1	0	0	0.48358571828384306	-1.805177483479141	2.810372255764836	-0.015850431404643785	0.0028599426642352687	0.9884	0.09406884900548619
27	isolated_galaxies/m1_fg0.3_BT0.2/rot_45/broadband_005.fits	0	0.05	3	1	0	0	0.5001741369856979	-1.8495882337245404	2.9620068709844585	-0.027112712879686893	-0.0010752047320565323	1.1555	0.07133230520416738
28	isolated_galaxies/m1_fg0.3_BT0.2/rot_45/broadband_030.fits	0	0.29	3	1	0	0	0.513998964621736	-1.8239611610573245	2.882972451418463	-0.02391421080940932	-0.0008112147560998115	1.0356	0.07865153428687559
29	isolated_galaxies/m1_fg0.3_BT0.2/rot_45/broadband_060.fits	0	0.59	3	1	0	0	0.5178652922323644	-1.8616884056071805	2.850174503325089	0.0027287879315647857	-7.435148843814532e-05	1.0575	0.05697527501714955
30	isolated_galaxies/m1_fg0.3_BT0.2/rot_45/broadband_090.fits	0	0.88	3	1	0	0	0.503489966969969	-1.863526559536339	2.9193038626044254	0.01615261411873125	0.0015024771198292345	1.0743	0.10624019026235337
31	isolated_galaxies/m1_fg0.3_BT0.2/rot_45/broadband_100.fits	0	0.98	3	1	0	0	0.4788447013069659	-1.8356071649439132	2.899031877392386	0.013749063287358955	0.00447503771527218	0.9909	0.11058412695769956
32	isolated_galaxies/m1_fg0.3_BT0.2/rot_45/broadband_120.fits	0	1.17	3	1	0	0	0.5102340331218341	-1.8487248810014665	2.835946549866803	0.008474900745597974	0.0025212619399017024	0.9841	0.0472740532912605
33	isolated_galaxies/m1_fg0.3_BT0.2/rot_45/broadband_150.fits	0	1.47	3	1	0	0	0.49019609882297555	-1.8310876215098721	2.8396743525994035	-0.010856632926363428	0.0011658927173456147	0.9814	0.09725753226487205
34	isolated_galaxies/m1_fg0.3_BT0.2/rot_45/broadband_180.fits	0	1.76	3	1	0	0	0.48758236776807873	-1.7959157459101194	2.802198545324821	-0.015225597822018839	0.004177780997753683	1.0015	0.10128212861873573
35	isolated_galaxies/m1_fg0.3_BT0.2/rot_45/broadband_200.fits	0	1.96	3	1	0	0	0.48868641874499413	-1.7683027941587046	2.7970399724839243	0.01440973038952294	0.00843078031592973	0.9847	0.08860420100816431
36	isolated_galaxies/m1_fg0.3_BT0.2/rot_45/broadband_005.fits	0	0.05	4	1	0	0	0.5301756854507361	-1.9215559326029799	2.998352128650954	-0.031000667760848585	-0.030550111422561213	1.4616	0.06778898301422989
37	isolated_galaxies/m1_fg0.3_BT0.2/rot_45/broadband_030.fits	0	0.29	4	1	0	0	0.5429527897472475	-1.9082289444195066	2.9419097463906003	-0.020199303499232976	-0.009329504782781906	1.405	0.06639271459633574
38	isolated_galaxies/m1_fg0.3_BT0.2/rot_45/broadband_060.fits	0	0.59	4	1	0	0	0.5385771628958245	-1.9098880081507743	2.876680205351417	0.002934555666824482	0.007156417631738249	1.3417	0.08176517679679936
39	isolated_galaxies/m1_fg0.3_BT0.2/rot_45/broadband_090.fits	0	0.88	4	1	0	0	0.48576580260449764	-1.8644393525615826	2.873328780509992	-0.002101059424740978	0.007013680412058716	1.3184	0.10263901869226154
40	isolated_galaxies/m1_fg0.3_BT0.2/rot_45/broadband_100.fits	0	0.98	4	1	0	0	0.5127217900193929	-1.8650365935833224	2.855721833263674	-0.005954323519998421	-0.00012437806467230293	1.2347	0.12405595818856084
41	isolated_galaxies/m1_fg0.3_BT0.2/rot_45/broadband_120.fits	0	1.17	4	1	0	0	0.49894634159943374	-1.8473862485739074	2.8250311346426566	-0.031542691449853444	-0.005789347201747149	1.2576	0.0774746277879817
42	isolated_galaxies/m1_fg0.3_BT0.2/rot_45/broadband_150.fits	0	1.47	4	1	0	0	0.5128174708892171	-1.8574752343680276	2.8182543624998275	-0.00351079228537988	-0.003388901874257034	1.2272	0.10424052378294212
43	isolated_galaxies/m1_fg0.3_BT0.2/rot_45/broadband_180.fits	0	1.76	4	1	0	0	0.5167171900505592	-1.8489958539442108	2.8127401822300864	-0.030705530261299158	-0.005740697933716714	1.266	0.1100594648439533
44	isolated_galaxies/m1_fg0.3_BT0.2/rot_45/broadband_200.fits	0	1.96	4	1	0	0	0.5254635362335924	-1.8519434595644169	2.78800155484816	-0.04432934735528135	-0.026384544339771127	1.289	0.07120046712777292
45	isolated_galaxies/m1_fg0.3_BT0.2/rot_45/broadband_005.fits	0	0.05	5	1	0	0	0.5340233080650854	-1.9265339136815176	2.9936967367198526	-0.05393786490952315	-0.033022772586045634	1.4781	0.05886716279509636
46	isolated_galaxies/m1_fg0.3_BT0.2/rot_45/broadband_030.fits	0	0.29	5	1	0	0	0.5316908659763364	-1.893258192230385	2.9340129941792266	-0.02722554785406721	-0.0051834577638271845	1.3791	0.13567871804026713
47	isolated_galaxies/m1_fg0.3_BT0.2/rot_45/broadband_060.fits	0	0.59	5	1	0	0	0.4999509972969267	-1.8798469565071845	2.8809684625017233	-0.038396974884700355	-0.0040243070762368445	1.3353	0.13056945589675634
48	isolated_galaxies/m1_fg0.3_BT0.2/rot_45/broadband_090.fits	0	0.88	5	1	0	0	0.48963339288283475	-1.8703124211023459	2.874898932547545	0.0030919422447933465	0.009958586591052301	1.3194	0.11818665197556659
49	isolated_galaxies/m1_fg0.3_BT0.2/rot_45/broadband_100.fits	0	0.98	5	1	0	0	0.5124369249537095	-1.8651553162629688	2.8719246340401945	0.014345313258103117	0.012386937978085384	1.2516	0.10531951167286574
50	isolated_galaxies/m1_fg0.3_BT0.2/rot_45/broadband_120.fits	0	1.17	5	1	0	0	0.506698814137167	-1.8515819499193933	2.827417672254176	-0.001648243288814624	0.005289221546276183	1.2598	0.10567213923289416
51	isolated_galaxies/m1_fg0.3_BT0.2/rot_45/broadband_150.fits	0	1.47	5	1	0	0	0.5274362109468478	-1.8664416425594457	2.8198053631474362	0.0008162777476813564	-0.011781850052595194	1.2206	0.11253349537764397
52	isolated_galaxies/m1_fg0.3_BT0.2/rot_45/broadband_180.fits	0	1.76	5	1	0	0	0.5127885503398278	-1.858424250006339	2.8336053829169465	-0.01597971931809929	-0.00371827459639598	1.3142	0.10099542503828936
53	isolated_galaxies/m1_fg0.3_BT0.2/rot_45/broadband_200.fits	0	1.96	5	1	0	0	0.5192007675433924	-1.8348938963843706	2.777483311637085	-0.021284935739982202	-0.05016150108747491	1.2747	0.11812161387751886
54	isolated_galaxies/m1_fg0.3_BT0.2/rot_45/broadband_005.fits	0	0.05	6	1	0	0	0.536603335968768	-1.9265641255851504	3.0154408030611246	-0.054249760402603056	-0.03715709354486974	1.4682	0.09936396357231257
55	isolated_galaxies/m1_fg0.3_BT0.2/rot_45/broadband_030.fits	0	0.29	6	1	0	0	0.549062225843128	-1.8999870670736452	2.946073777882306	-0.039836418204407975	-0.0176763641089599	1.3688	0.15358549585110368
56	isolated_galaxies/m1_fg0.3_BT0.2/rot_45/broadband_060.fits	0	0.59	6	1	0	0	0.5206387326426359	-1.8971803223310046	2.892199596594542	-0.02416583102775391	-0.001139259176971834	1.3374	0.08835449924740264
57	isolated_galaxies/m1_fg0.3_BT0.2/rot_45/broadband_090.fits	0	0.88	6	1	0	0	0.48168040537648504	-1.8662619771127142	2.878059634877597	0.0028081188972041778	0.004465992484839309	1.3248	0.1062702822357489
58	isolated_galaxies/m1_fg0.3_BT0.2/rot_45/broadband_100.fits	0	0.98	6	1	0	0	0.509428308269855	-1.8615042657157457	2.8656786876576863	0.01082280916890668	0.008241328745498766	1.2322	0.12493254951211077
59	isolated_galaxies/m1_fg0.3_BT0.2/rot_45/broadband_120.fits	0	1.17	6	1	0	0	0.5017965458051762	-1.8502754284239884	2.8181636136647805	-0.002952203841808106	0.003042340533229016	1.2508	0.10613344902302782
60	isolated_galaxies/m1_fg0.3_BT0.2/rot_45/broadband_150.fits	0	1.47	6	1	0	0	0.5175382579082259	-1.8559459106094274	2.8234669818116807	0.000803078895156263	-0.0034757330074363206	1.2149	0.14936478634826517
61	isolated_galaxies/m1_fg0.3_BT0.2/rot_45/broadband_180.fits	0	1.76	6	1	0	0	0.5266549837318667	-1.8532386088328954	2.7996007190320404	-0.0005898554445570534	-0.03633766266775476	1.2656	0.1102623330634281
62	isolated_galaxies/m1_fg0.3_BT0.2/rot_45/broadband_200.fits	0	1.96	6	1	0	0	0.5243159838163742	-1.8535743834753466	2.7782108293037244	-0.03215271397226147	-0.03276209651897183	1.2715	0.10906623082983714
0	q0.2_fg0.3_BT0.2_allrx10_sunruns/hires_kin_early_cen1/broadband_005.fits	1	0.05	0	1	0	0	0.5311409831182433	-1.9132582674388139	3.0011947188471932	-0.050002539461392076	-0.025305283997148438	1.435	0.08421902239170538
1	q0.2_fg0.3_BT0.2_allrx10_sunruns/hires_kin_early_cen1/broadband_060.fits	1	0.59	0	1	0	0	0.5668703056075317	-1.7770737752818522	3.0839505643041862	0.13058835513673744	0.07056618133588916	0.9253	0.34708364643406997
2	q0.2_fg0.3_BT0.2_allrx10_sunruns/hires_kin_early_cen1/broadband_090.fits	1	0.88	0	1	0	0	0.5003053868511314	-1.9226074395274866	2.9883916180034094	0.023165520856292098	0.036842723863385246	1.3711	0.12758751238154162
3	q0.2_fg0.3_BT0.2_allrx10_sunruns/hires_kin_early_cen1/broadband_120.fits	1	1.17	0	1	0	0	0.5447940426145297	-1.949266969920584	3.0796308363434783	0.07751829643081688	0.012515084864086402	1.4519	0.22742206006513588
4	q0.2_fg0.3_BT0.2_allrx10_sunruns/hires_kin_early_cen1/broadband_150.fits	1	1.47	0	1	0	0	0.5247127411300527	-1.944758362086941	3.0253933886375943	0.034923187786261425	0.007316873324666114	1.4667	0.11208211749676295
5	q0.2_fg0.3_BT0.2_allrx10_sunruns/hires_kin_early_cen1/broadband_180.fits	1	1.76	0	1	0	0	0.5023023907367091	-1.9347504016452914	3.088560537848873	0.006799357006506503	0.0063541935234905636	1.502	0.14815598258495222
6	q0.2_fg0.3_BT0.2_allrx10_sunruns/hires_kin_early_cen1/broadband_210.fits	1	2.05	0	1	0	0	0.5321090681899319	-1.9685308740870153	3.107315935915542	-0.013361424521570988	0.0034075468487292614	1.5627	0.13812198306593537
7	q0.2_fg0.3_BT0.2_allrx10_sunruns/hires_kin_early_cen1/broadband_240.fits	1	2.35	0	1	0	0	0.4809437388318058	-1.9567641865419203	3.050283734456923	-0.01303526488358846	-0.0024218642395710853	1.5939	0.08325519493178377
8	q0.2_fg0.3_BT0.2_allrx10_sunruns/hires_kin_early_cen1/broadband_270.fits	1	2.64	0	2	3.3783972033511915	2.2120757764641272	0.5205972742067844	-1.4860517607772339	2.6927343001503696	0.4246535446176735	0.00936526582281949	1.3964	0.41610121327725896
9	q0.2_fg0.3_BT0.2_allrx10_sunruns/hires_kin/broadband_320.fits	1	3.13	0	2	7.734401665933845	11.893782709475442	0.5672464008286751	-0.8422907391788496	3.655608552421199	0.1331377454659548	0.009943947097657505	1.6578	0.3086023644354395
10	q0.2_fg0.3_BT0.2_allrx10_sunruns/hires_kin/broadband_340.fits	1	3.32	0	1	0	0	0.5671629236603579	-1.2392788035686437	3.35585856102234	0.07753665212701241	-0.046584707123517394	1.9257	0.6307210021400552
11	q0.2_fg0.3_BT0.2_allrx10_sunruns/hires_kin/broadband_400.fits	1	3.91	0	1	0	0	0.5823967571468093	-2.0362874032635907	3.406845661475724	0.004917488065454459	-0.06152617703038248	1.8041	0.29756637069298464
12	q0.2_fg0.3_BT0.2_allrx10_sunruns/hires_kin/broadband_500.fits	1	4.88	0	1	0	0	0.5660070899188441	-2.01582984366036	3.273595875391045	-0.10548787158249022	-0.06823088769638141	1.7057	0.3192857843351322
13	q0.2_fg0.3_BT0.2_allrx10_sunruns/hires_kin_early_cen1/broadband_005.fits	1	0.05	1	1	0	0	0.5947720102127194	-1.721095061297639	3.387774462033335	-0.006139520067550772	0.0300517863749083	0.6515	0.0993288701048304
14	q0.2_fg0.3_BT0.2_allrx10_sunruns/hires_kin_early_cen1/broadband_060.fits	1	0.59	1	1	0	0	0.6083306476678849	-1.8739931538202792	3.7101212065822353	0.027394043130137734	0.09806354377347788	0.7086	0.31073916348469355
15	q0.2_fg0.3_BT0.2_allrx10_sunruns/hires_kin_early_cen1/broadband_090.fits	1	0.88	1	1	0	0	0.5276260712901635	-1.6176478110501111	3.1820982179464394	-0.0006910382272958711	0.024691513638577665	0.6959	0.32198270742198215
16	q0.2_fg0.3_BT0.2_allrx10_sunruns/hires_kin_early_cen1/broadband_120.fits	1	1.17	1	1	0	0	0.5927075819354461	-1.8128858268721615	3.2515183879371707	-0.024166532385949575	0.020791008648644867	0.8252	0.1628477082730024
17	q0.2_fg0.3_BT0.2_allrx10_sunruns/hires_kin_early_cen1/broadband_150.fits	1	1.47	1	1	0	0	0.5227305117613108	-1.728905731702455	3.2252223557945143	-0.039131552214707495	0.019895110372779426	0.8	0.11301151626783826
18	q0.2_fg0.3_BT0.2_allrx10_sunruns/hires_kin_early_cen1/broadband_180.fits	1	1.76	1	1	0	0	0.5319169618590217	-1.837068869870219	3.2712632898784904	-0.05184066093774576	0.013481008747317058	0.8405	0.09296853372164882
19	q0.2_fg0.3_BT0.2_allrx10_sunruns/hires_kin_early_cen1/broadband_210.fits	1	2.05	1	1	0	0	0.5260979202302167	-1.794087839762337	3.237970057681303	-0.043576192902089785	0.013393795273979624	0.8667	0.13575025102135377
20	q0.2_fg0.3_BT0.2_allrx10_sunruns/hires_kin_early_cen1/broadband_240.fits	1	2.35	1	1	0	0	0.516690720210363	-1.805800941309689	3.235221288007306	-0.028981995508061985	0.0031092101434182957	0.8326	0.1326455906509117
21	q0.2_fg0.3_BT0.2_allrx10_sunruns/hires_kin_early_cen1/broadband_300.fits	1	2.93	1	1	0	0	0.5826997630781863	-1.8319925938278188	3.169282583905738	0.0899972246221881	-0.0015491497307570186	1.2819	0.2997325216572307
22	q0.2_fg0.3_BT0.2_allrx10_sunruns/hires_kin/broadband_320.fits	1	3.13	1	2	7.844884855893199	9.025681417149253	0.5502285946124496	-0.8381313349358547	3.884518169399283	0.06824055484118777	0.03298333603920062	1.2854	0.34919436208572296
23	q0.2_fg0.3_BT0.2_allrx10_sunruns/hires_kin/broadband_340.fits	1	3.32	1	1	0	0	0.5564188645328381	-1.4185593469745206	3.4886613499448504	0.1025865894610247	0.02327374873469482	1.3494	0.20065184274349723
24	q0.2_fg0.3_BT0.2_allrx10_sunruns/hires_kin/broadband_360.fits	1	3.52	1	1	0	0	0.5698150380938498	-1.9517861805496886	3.273742686588725	0.03868799731573767	0.0084721203958197	1.2667	0.26064946537928146
25	q0.2_fg0.3_BT0.2_allrx10_sunruns/hires_kin/broadband_380.fits	1	3.72	1	1	0	0	0.5459414216237487	-1.9393073484765155	3.3826553947385394	0.04481110403674281	-0.0016983061014538496	1.4185	0.306941630918116
26	q0.2_fg0.3_BT0.2_allrx10_sunruns/hires_kin/broadband_400.fits	1	3.91	1	1	0	0	0.5535242071359767	-1.9168479849247666	3.369430794404053	0.006727757670067912	0.003882919632161224	1.3594	0.2239848469192708
27	q0.2_fg0.3_BT0.2_allrx10_sunruns/hires_kin/broadband_420.fits	1	4.11	1	1	0	0	0.5648625068195113	-1.9268284874929713	3.21686301514935	-0.0352400125083159	0.0056600685823209144	1.3267	0.10451165959709197
28	q0.2_fg0.3_BT0.2_allrx10_sunruns/hires_kin/broadband_440.fits	1	4.29	1	1	0	0	0.5726618392214149	-1.9573069271384318	3.3900278122407883	-0.016719274739323244	0.004659007170208704	1.3454	0.2117924448798523
29	q0.2_fg0.3_BT0.2_allrx10_sunruns/hires_kin/broadband_460.fits	1	4.49	1	1	0	0	0.5524816945392206	-1.9536948118931339	3.3230849131537585	-0.032304500854257893	0.0038099318557232044	1.3357	0.10835972547430356
30	q0.2_fg0.3_BT0.2_allrx10_sunruns/hires_kin/broadband_480.fits	1	4.68	1	1	0	0	0.5653338363291103	-1.946163634096603	3.2810051888809637	-0.01734486513098828	0.003036394165354018	1.3549	0.10583583998823269
31	q0.2_fg0.3_BT0.2_allrx10_sunruns/hires_kin/broadband_500.fits	1	4.88	1	1	0	0	0.5546273382347499	-1.9399657455628252	3.2913077237381168	-0.036127215666871035	-0.004063472276325972	1.3262	0.1520992925254169
32	q0.2_fg0.3_BT0.2_allrx10_sunruns/hires_kin_early_cen1/broadband_005.fits	1	0.05	2	1	0	0	0.5810658077143794	-1.7121390871493465	3.373104365824655	-0.014857214388205966	0.03305157161135858	0.6883	0.16828459090542736
33	q0.2_fg0.3_BT0.2_allrx10_sunruns/hires_kin_early_cen1/broadband_060.fits	1	0.59	2	1	0	0	0.605769250283667	-1.3223878055400535	2.271547541686978	0.13397279834045936	0.017215324502740832	0.5902	0.5543934280094157
34	q0.2_fg0.3_BT0.2_allrx10_sunruns/hires_kin_early_cen1/broadband_090.fits	1	0.88	2	1	0	0	0.6009518054541096	-1.7875642500978792	2.8329230800437477	0.05463020180919491	0.009564719521893632	0.8079	0.2785052201905048
35	q0.2_fg0.3_BT0.2_allrx10_sunruns/hires_kin_early_cen1/broadband_120.fits	1	1.17	2	1	0	0	0.4917168774704935	-1.755875278641299	3.0225522061248755	0.01885690985977958	0.011747009981060432	0.8677	0.183593777566954
36	q0.2_fg0.3_BT0.2_allrx10_sunruns/hires_kin_early_cen1/broadband_150.fits	1	1.47	2	1	0	0	0.4807614099866119	-1.762365196558439	3.086198129049608	-0.023270462935907486	0.003583967611936639	0.8769	0.21890768619127116
37	q0.2_fg0.3_BT0.2_allrx10_sunruns/hires_kin_early_cen1/broadband_180.fits	1	1.76	2	1	0	0	0.5201089332563654	-1.811361244030296	3.114363211262334	-0.04845269036001945	-2.4875671984096668e-05	0.9747	0.1520795266278882
38	q0.2_fg0.3_BT0.2_allrx10_sunruns/hires_kin_early_cen1/broadband_210.fits	1	2.05	2	1	0	0	0.5310437026648127	-1.8659043433048152	3.1254313062897583	-0.011967037492012944	-0.000161480832768098	1.0417	0.14525313011599308
39	q0.2_fg0.3_BT0.2_allrx10_sunruns/hires_kin_early_cen1/broadband_240.fits	1	2.35	2	1	0	0	0.4695619797009946	-1.8387453635203739	3.094934713387842	-0.058654785287735274	0.004319770130475253	0.9709	0.1079879111611298
40	q0.2_fg0.3_BT0.2_allrx10_sunruns/hires_kin_early_cen1/broadband_300.fits	1	2.93	2	2	15.320009205465785	10.979940836496043	0.5617546910267197	-1.8872228131494844	3.2174003944991374	0.06423838374138983	0.001838361212280737	1.3388	0.2629068005201608
41	q0.2_fg0.3_BT0.2_allrx10_sunruns/hires_kin/broadband_320.fits	1	3.13	2	2	3.5419197909545628	11.807555619552936	0.5369124171522498	-1.2384623726059458	3.016010260418838	0.1486783033763569	0.02235536640790397	1.3647	0.31546651568235556
42	q0.2_fg0.3_BT0.2_allrx10_sunruns/hires_kin/broadband_340.fits	1	3.32	2	2	2.1377780758041527	10.922448357604086	0.5827000891015782	-1.6559789661808317	3.292520455689126	0.12926951537711703	0.016184199970063144	1.4587	0.27245775383621296
43	q0.2_fg0.3_BT0.2_allrx10_sunruns/hires_kin/broadband_360.fits	1	3.52	2	1	0	0	0.5747329003402828	-1.8764886243229228	3.2341165742291538	0.05030946847259885	0.006413501898083173	1.3319	0.34811444001862324
44	q0.2_fg0.3_BT0.2_allrx10_sunruns/hires_kin/broadband_380.fits	1	3.72	2	1	0	0	0.5459044725028894	-1.8715345555431322	3.385179062271471	-0.01570532793024609	-0.0068170124456612665	1.5243	0.3377711466582652
45	q0.2_fg0.3_BT0.2_allrx10_sunruns/hires_kin/broadband_400.fits	1	3.91	2	1	0	0	0.5570260879347465	-1.9571076373103353	3.3682336721014323	-0.04262438592596326	0.0017651277708063667	1.496	0.1848595881498941
46	q0.2_fg0.3_BT0.2_allrx10_sunruns/hires_kin/broadband_420.fits	1	4.11	2	1	0	0	0.5491823557469308	-1.9722113302166622	3.3916684163101745	-0.05397255137722619	-0.0164339594266198	1.444	0.2712892394235277
47	q0.2_fg0.3_BT0.2_allrx10_sunruns/hires_kin/broadband_440.fits	1	4.29	2	1	0	0	0.5787803658614934	-1.9993946082604304	3.250954618883237	-0.06628698843754548	-0.0012808375393806646	1.4811	0.13739415356264775
48	q0.2_fg0.3_BT0.2_allrx10_sunruns/hires_kin/broadband_460.fits	1	4.49	2	1	0	0	0.563655491971656	-1.9535692020785287	3.341599457847954	-0.055440287491481485	-0.007054862025097209	1.4457	0.1330908604964532
49	q0.2_fg0.3_BT0.2_allrx10_sunruns/hires_kin/broadband_480.fits	1	4.68	2	1	0	0	0.559201218919482	-1.9638351284178193	3.276754302670633	-0.057532316110049685	-0.007248164241479253	1.45	0.17888746870376662
50	q0.2_fg0.3_BT0.2_allrx10_sunruns/hires_kin/broadband_500.fits	1	4.88	2	1	0	0	0.5865484069489852	-1.99480537053364	3.311176976898907	-0.05215915488675009	-0.0022121581498091318	1.4486	0.1917906751956442
51	q0.2_fg0.3_BT0.2_allrx10_sunruns/hires_kin_early_cen1/broadband_005.fits	1	0.05	3	1	0	0	0.5155381998900727	-1.8910220956354928	3.012452612769871	-0.024133366481683897	0.0032052239604846077	1.3418	0.09299354150190602
52	q0.2_fg0.3_BT0.2_allrx10_sunruns/hires_kin_early_cen1/broadband_090.fits	1	0.88	3	1	0	0	0.4990109357859127	-1.8656851866362307	2.859188800197832	0.02983290016846	0.02968143368616452	1.1981	0.25832529570906937
53	q0.2_fg0.3_BT0.2_allrx10_sunruns/hires_kin_early_cen1/broadband_120.fits	1	1.17	3	1	0	0	0.5437646376661234	-1.9010747970895019	2.899441794662488	0.06137031334838988	0.006842910617077388	1.2989	0.13891211125260103
54	q0.2_fg0.3_BT0.2_allrx10_sunruns/hires_kin_early_cen1/broadband_150.fits	1	1.47	3	1	0	0	0.5010609876341688	-1.9004097054149167	2.975340390470229	0.02779157677592373	0.0031903675728695764	1.3279	0.1731704726439635
55	q0.2_fg0.3_BT0.2_allrx10_sunruns/hires_kin_early_cen1/broadband_180.fits	1	1.76	3	1	0	0	0.4839455244551803	-1.8690313243902377	2.905384956743158	0.022818173481391275	-0.0021970561387668884	1.3631	0.16750809999913754
56	q0.2_fg0.3_BT0.2_allrx10_sunruns/hires_kin_early_cen1/broadband_210.fits	1	2.05	3	1	0	0	0.5217351571599177	-1.9117929039486223	3.020015365540199	0.006981011642531311	0.0076861626888598865	1.4038	0.10645499709839246
57	q0.2_fg0.3_BT0.2_allrx10_sunruns/hires_kin_early_cen1/broadband_240.fits	1	2.35	3	1	0	0	0.47387081153959437	-1.919162222401353	2.949628850980901	-0.002495040016494626	-0.000500672667044711	1.3683	0.12213902704857636
58	q0.2_fg0.3_BT0.2_allrx10_sunruns/hires_kin_early_cen1/broadband_270.fits	1	2.64	3	2	1.400633285834981	0.3033053004884617	0.5012351798583441	-1.474397706116281	2.4244477219562026	0.477348797792563	-0.0006191168033623581	0.3493	0.48653652255703717
59	q0.2_fg0.3_BT0.2_allrx10_sunruns/hires_kin_early_cen1/broadband_300.fits	1	2.93	3	1	0	0	0.5851415866338359	-1.9395597849060824	3.234503034436818	0.11810374159559023	0.0011442104504605284	1.4406	0.5403182690736558
60	q0.2_fg0.3_BT0.2_allrx10_sunruns/hires_kin/broadband_320.fits	1	3.13	3	2	5.117923580716661	14.057885444580267	0.5655574858349828	-1.2976624027027779	3.2441060224222666	0.15595349444815992	0.007908992873093535	1.4909	0.43112484669486534
61	q0.2_fg0.3_BT0.2_allrx10_sunruns/hires_kin/broadband_340.fits	1	3.32	3	1	0	0	0.5544249905076919	-1.3929087416306247	3.1337349014334053	0.1544682005640899	0.01854940735691004	1.6973	0.46502440365193487
62	q0.2_fg0.3_BT0.2_allrx10_sunruns/hires_kin/broadband_360.fits	1	3.52	3	1	0	0	0.5776575165758175	-2.020344164260751	3.354216593651805	0.03523098689769143	-0.00975792195227022	1.5521	0.2788562853158881
63	q0.2_fg0.3_BT0.2_allrx10_sunruns/hires_kin/broadband_380.fits	1	3.72	3	1	0	0	0.5653499713310531	-1.9397494191150588	3.286096818301698	0.037097065616204496	-0.00673594606578725	1.6765	0.30216818500471815
64	q0.2_fg0.3_BT0.2_allrx10_sunruns/hires_kin/broadband_400.fits	1	3.91	3	1	0	0	0.5725558980855343	-2.0361700965002805	3.3915053997423494	-0.007405842102094997	0.003982656347004763	1.6757	0.366354831093288
65	q0.2_fg0.3_BT0.2_allrx10_sunruns/hires_kin/broadband_420.fits	1	4.11	3	1	0	0	0.5747252893536526	-2.016467930050461	3.3035391268295955	-0.03736158021833904	-0.037616518042654964	1.5805	0.35553024516679266
66	q0.2_fg0.3_BT0.2_allrx10_sunruns/hires_kin/broadband_460.fits	1	4.49	3	1	0	0	0.5658606416513774	-1.9896769348350491	3.1524616962821552	0.009234952802656151	-0.0008419179427852195	1.5944	0.2100773250548701
67	q0.2_fg0.3_BT0.2_allrx10_sunruns/hires_kin/broadband_480.fits	1	4.68	3	1	0	0	0.5619703235785934	-2.00485952937081	3.3082076303985946	-0.05218374491033904	-0.04578015454265775	1.5615	0.16948767369481982
68	q0.2_fg0.3_BT0.2_allrx10_sunruns/hires_kin/broadband_500.fits	1	4.88	3	1	0	0	0.5715038539795645	-2.006253638721237	3.2094300987334696	-0.06071861184963542	-0.03200098281730896	1.5653	0.15964889520925915
69	q0.2_fg0.3_BT0.2_allrx10_sunruns/hires_kin_early_cen1/broadband_005.fits	1	0.05	4	1	0	0	0.5227157493618606	-1.9162731631483076	3.019049530947511	-0.03426559341575827	-0.013848515809418423	1.3953	0.04907003753554807
70	q0.2_fg0.3_BT0.2_allrx10_sunruns/hires_kin_early_cen1/broadband_060.fits	1	0.59	4	1	0	0	0.5639647003846038	-1.7064467931731648	2.705342081399161	0.09264739084569892	0.059187666380028224	0.8985	0.38343251767697306
71	q0.2_fg0.3_BT0.2_allrx10_sunruns/hires_kin_early_cen1/broadband_090.fits	1	0.88	4	1	0	0	0.5160532517618696	-1.8929675916611814	2.850354405091651	0.02415237006188645	0.02285336268551847	1.3419	0.21803746467475582
72	q0.2_fg0.3_BT0.2_allrx10_sunruns/hires_kin_early_cen1/broadband_120.fits	1	1.17	4	1	0	0	0.5472178094749517	-1.931103130612695	3.0944910514285775	0.06536674735936619	0.009786932539468695	1.4124	0.16953820596607813
73	q0.2_fg0.3_BT0.2_allrx10_sunruns/hires_kin_early_cen1/broadband_150.fits	1	1.47	4	1	0	0	0.5261747299634492	-1.9536259764033295	3.038319582154474	0.03852814574274533	0.00619658038245481	1.4608	0.11011253335695152
74	q0.2_fg0.3_BT0.2_allrx10_sunruns/hires_kin_early_cen1/broadband_180.fits	1	1.76	4	1	0	0	0.5128522279300034	-1.947631984305376	3.1437037615988355	-0.011056707597695756	-0.0023939965181794046	1.5463	0.1423468971041137
75	q0.2_fg0.3_BT0.2_allrx10_sunruns/hires_kin_early_cen1/broadband_210.fits	1	2.05	4	1	0	0	0.5438261649585527	-1.9895992742886208	3.1677400281671124	-0.030990117724633247	-0.01474861035375743	1.5694	0.16493289871151204
76	q0.2_fg0.3_BT0.2_allrx10_sunruns/hires_kin_early_cen1/broadband_240.fits	1	2.35	4	1	0	0	0.47991191028403235	-1.9615261424362744	3.075307918566699	-0.02218101182538146	-0.0016102611818414334	1.5938	0.07713305896314274
77	q0.2_fg0.3_BT0.2_allrx10_sunruns/hires_kin/broadband_320.fits	1	3.13	4	2	7.735477049948376	16.315485439152074	0.5741784766867724	-1.1316216510144343	3.5260267867193513	0.10636271036242669	0.002118560248148541	1.6804	0.49485422999329043
78	q0.2_fg0.3_BT0.2_allrx10_sunruns/hires_kin/broadband_340.fits	1	3.32	4	1	0	0	0.5786349153014043	-1.3053233297358586	3.3199831555633015	0.11059131520828608	-0.06884751272820551	2.04	0.6029508201474166
79	q0.2_fg0.3_BT0.2_allrx10_sunruns/hires_kin/broadband_440.fits	1	4.29	4	1	0	0	0.5567312953852112	-2.0259686589691936	3.2609224330893083	-0.017552554587259312	-0.14121113569007596	1.8918	0.10823033985530738
80	q0.2_fg0.3_BT0.2_allrx10_sunruns/hires_kin/broadband_460.fits	1	4.49	4	1	0	0	0.5346961188582509	-1.9966984896962812	3.247067388085263	-0.06481171850426334	-0.12480371677169319	1.8232	0.29487418493405954
81	q0.2_fg0.3_BT0.2_allrx10_sunruns/hires_kin_early_cen1/broadband_005.fits	1	0.05	5	1	0	0	0.5137751905144938	-1.8785149091735338	2.9739046389719075	-0.06919383398604564	-0.004942403505760912	1.2706	0.06894697177290546
82	q0.2_fg0.3_BT0.2_allrx10_sunruns/hires_kin_early_cen1/broadband_060.fits	1	0.59	5	1	0	0	0.5829650277819979	-1.573929544826313	2.356508225960011	0.09997391891366644	0.03173813666488923	0.7853	0.34600754213689633
83	q0.2_fg0.3_BT0.2_allrx10_sunruns/hires_kin_early_cen1/broadband_090.fits	1	0.88	5	1	0	0	0.5335708062386041	-1.8208343043332513	2.6755504634627565	0.026070374568933876	0.015307240370699396	1.0607	0.26402178283940025
84	q0.2_fg0.3_BT0.2_allrx10_sunruns/hires_kin_early_cen1/broadband_120.fits	1	1.17	5	1	0	0	0.5063392646009539	-1.8567906218148662	2.9587988668693437	0.02179911230625457	0.006167626788027813	1.1144	0.10689343395122192
85	q0.2_fg0.3_BT0.2_allrx10_sunruns/hires_kin_early_cen1/broadband_150.fits	1	1.47	5	1	0	0	0.4879967421558955	-1.8769222516560173	3.0305817673422997	0.022472004355947966	0.006841682270336754	1.1615	0.12734900290636156
86	q0.2_fg0.3_BT0.2_allrx10_sunruns/hires_kin_early_cen1/broadband_180.fits	1	1.76	5	1	0	0	0.5067134511889856	-1.8534856735759893	3.0256199638223054	-0.017077452680261965	0.0013376938896768344	1.1834	0.10684374189054933
87	q0.2_fg0.3_BT0.2_allrx10_sunruns/hires_kin_early_cen1/broadband_210.fits	1	2.05	5	1	0	0	0.5168138069905943	-1.9093415461913845	3.130686267988885	0.0016727867888517987	0.005189813774304682	1.2319	0.11846788152332147
88	q0.2_fg0.3_BT0.2_allrx10_sunruns/hires_kin_early_cen1/broadband_240.fits	1	2.35	5	1	0	0	0.4665264911832829	-1.869692665079051	3.0926559439241514	-0.05101764145602186	-0.008991732879944517	1.1743	0.10369435062228557
89	q0.2_fg0.3_BT0.2_allrx10_sunruns/hires_kin_early_cen1/broadband_300.fits	1	2.93	5	1	0	0	0.5557013625655407	-1.7464301980824213	3.3121584548864917	0.0746473560455078	0.004692371684758189	1.2065	0.2192915241336267
90	q0.2_fg0.3_BT0.2_allrx10_sunruns/hires_kin/broadband_320.fits	1	3.13	5	2	5.819409189203748	7.553008961855997	0.5451940742748971	-0.8682692970930279	3.4257035180220234	0.1779460834912739	0.019499871260302164	1.1867	0.4489194430670771
91	q0.2_fg0.3_BT0.2_allrx10_sunruns/hires_kin/broadband_340.fits	1	3.32	5	2	3.4250715078098946	14.759783935035916	0.5745963795358541	-1.55620405935107	3.3384076039817505	0.12962628079107702	0.02147933556082291	1.3108	0.23535487630238988
92	q0.2_fg0.3_BT0.2_allrx10_sunruns/hires_kin/broadband_360.fits	1	3.52	5	1	0	0	0.5710622363371362	-1.9043849122794214	3.1598247199849587	-0.01159325571077355	-0.0003016559586613207	1.305	0.3897797833995307
93	q0.2_fg0.3_BT0.2_allrx10_sunruns/hires_kin/broadband_380.fits	1	3.72	5	1	0	0	0.5345334263434967	-1.8988891974894262	3.406740060954254	-0.015876776419553956	0.006641191654970403	1.3767	0.2276822564069294
94	q0.2_fg0.3_BT0.2_allrx10_sunruns/hires_kin/broadband_400.fits	1	3.91	5	1	0	0	0.566998027826103	-1.9094488065072508	3.2546001113663254	-0.03182963217545531	-0.0008045840065571007	1.3225	0.15037906586655841
95	q0.2_fg0.3_BT0.2_allrx10_sunruns/hires_kin/broadband_420.fits	1	4.11	5	1	0	0	0.5427483586729897	-1.9098393922228751	3.328951912112283	-0.03798722418310553	-0.00022143656881931233	1.3193	0.1933790491478116
96	q0.2_fg0.3_BT0.2_allrx10_sunruns/hires_kin/broadband_440.fits	1	4.29	5	1	0	0	0.5589616488988092	-1.9239290337625115	3.247007727165631	-0.05189001885392132	-0.007952163410138656	1.348	0.13174659119783283
97	q0.2_fg0.3_BT0.2_allrx10_sunruns/hires_kin/broadband_460.fits	1	4.49	5	1	0	0	0.5678515400504374	-1.9213679371442376	3.3837800450576543	-0.04154434999160223	-0.001068618047618193	1.3259	0.19869087610189948
98	q0.2_fg0.3_BT0.2_allrx10_sunruns/hires_kin/broadband_480.fits	1	4.68	5	1	0	0	0.5599929544498463	-1.9372209209156344	3.3260515832127595	-0.04975071943826443	-0.0021292049986151767	1.3196	0.1334847142540427
99	q0.2_fg0.3_BT0.2_allrx10_sunruns/hires_kin/broadband_500.fits	1	4.88	5	1	0	0	0.5620960799445152	-1.916992024579208	3.3433071112292105	-0.04772776237559647	-0.002939451461723638	1.3015	0.12969310908089396
100	q0.2_fg0.3_BT0.2_allrx10_sunruns/hires_kin_early_cen1/broadband_005.fits	1	0.05	6	1	0	0	0.5920671117061443	-1.6975671103092762	3.3800409554922646	-0.00236070837414233	0.04190577666106972	0.658	0.09244880555935976
101	q0.2_fg0.3_BT0.2_allrx10_sunruns/hires_kin_early_cen1/broadband_060.fits	1	0.59	6	1	0	0	0.43257370135224954	-1.0774814183572965	2.6268794992080213	0.1647563600301059	0.06555825664168606	0.5191	0.5103350561500334
102	q0.2_fg0.3_BT0.2_allrx10_sunruns/hires_kin_early_cen1/broadband_090.fits	1	0.88	6	1	0	0	0.6403252884236041	-1.7178328933546827	3.07130915905386	0.01760372366709435	0.038255737502074484	0.7746	0.312293992963786
103	q0.2_fg0.3_BT0.2_allrx10_sunruns/hires_kin_early_cen1/broadband_120.fits	1	1.17	6	1	0	0	0.5407417600560851	-1.7014651754618	3.2730544535487875	-0.0067727433586578486	0.03257396772979916	0.7642	0.12754401715560326
104	q0.2_fg0.3_BT0.2_allrx10_sunruns/hires_kin_early_cen1/broadband_150.fits	1	1.47	6	1	0	0	0.542736162798279	-1.7054484831619843	3.2291628186755474	-0.041759535099034725	0.024036281429964855	0.7704	0.3079536463169269
105	q0.2_fg0.3_BT0.2_allrx10_sunruns/hires_kin_early_cen1/broadband_180.fits	1	1.76	6	1	0	0	0.5660650349005788	-1.7068226716497195	3.1652962489403134	-0.012241871837648416	0.02504388548746508	0.7688	0.09876834101632795
106	q0.2_fg0.3_BT0.2_allrx10_sunruns/hires_kin_early_cen1/broadband_210.fits	1	2.05	6	1	0	0	0.5631995209704683	-1.7451748535169394	3.189744260145686	-0.005796473250355358	0.027322688418083284	0.798	0.15846566905762183
107	q0.2_fg0.3_BT0.2_allrx10_sunruns/hires_kin_early_cen1/broadband_240.fits	1	2.35	6	1	0	0	0.5165153718908481	-1.7454846001014928	3.182906660319941	-0.02773011830112955	0.024020036151246073	0.7521	0.12499041946445061
108	q0.2_fg0.3_BT0.2_allrx10_sunruns/hires_kin_early_cen1/broadband_270.fits	1	2.64	6	2	8.750525361831473	2.395300471633436	0.5981328865702469	-0.7882019906898324	3.7932632135332605	0.26949639850119433	-0.1266181296056095	0.8167	0.8362521199100423
109	q0.2_fg0.3_BT0.2_allrx10_sunruns/hires_kin_early_cen1/broadband_300.fits	1	2.93	6	2	19.796510257141602	6.5343139964959995	0.5610004472588669	-1.6134605668910866	3.502044662193551	-0.021621870332028607	-0.0005233067114442366	1.0077	0.3324197040837494
110	q0.2_fg0.3_BT0.2_allrx10_sunruns/hires_kin/broadband_320.fits	1	3.13	6	2	5.273139661424587	10.544840134855939	0.583907344450382	-0.984460509751904	3.33437574645152	0.07670412741553101	0.03621786107313269	1.0576	0.1892289409084537
111	q0.2_fg0.3_BT0.2_allrx10_sunruns/hires_kin/broadband_340.fits	1	3.32	6	1	0	0	0.5806389458254276	-1.626182617007586	3.307860895505536	0.03958526124274127	0.019381233445324532	1.0748	0.18242203717256048
112	q0.2_fg0.3_BT0.2_allrx10_sunruns/hires_kin/broadband_360.fits	1	3.52	6	1	0	0	0.5687685221826125	-1.7941067782224225	3.5781033828957836	-0.04074806333594537	-0.005200073544230282	1.0963	0.187049770731895
113	q0.2_fg0.3_BT0.2_allrx10_sunruns/hires_kin/broadband_380.fits	1	3.72	6	1	0	0	0.5727901021305439	-1.831693246497822	3.3830786532046906	-0.003474270721672671	0.001437075390776433	1.1636	0.1432519357072197
114	q0.2_fg0.3_BT0.2_allrx10_sunruns/hires_kin/broadband_400.fits	1	3.91	6	1	0	0	0.579304182251236	-1.8306183960309856	3.5073675809050937	0.002651743890651441	0.006862230040582643	1.2146	0.15200151990620137
115	q0.2_fg0.3_BT0.2_allrx10_sunruns/hires_kin/broadband_420.fits	1	4.11	6	1	0	0	0.5684670400503082	-1.8706876509643853	3.514893398683325	0.005945838961989445	0.02808672683422393	1.1989	0.09352997292228216
116	q0.2_fg0.3_BT0.2_allrx10_sunruns/hires_kin/broadband_440.fits	1	4.29	6	1	0	0	0.570856135934508	-1.8945303483022016	3.502556503163909	-0.08008742127240566	0.004837503261370377	1.1637	0.10676719831706635
117	q0.2_fg0.3_BT0.2_allrx10_sunruns/hires_kin/broadband_460.fits	1	4.49	6	1	0	0	0.5651957665762419	-1.8612300851227646	3.3226882213660467	-0.027288333335111287	0.013321965459887092	1.1604	0.10836379621013403
118	q0.2_fg0.3_BT0.2_allrx10_sunruns/hires_kin/broadband_480.fits	1	4.68	6	1	0	0	0.5722983969238622	-1.8860185640362566	3.571177882276388	-0.10097127433710205	0.005365433402105577	1.2118	0.09687322860371719
119	q0.2_fg0.3_BT0.2_allrx10_sunruns/hires_kin/broadband_500.fits	1	4.88	6	1	0	0	0.5744719457309947	-1.8672456051035293	3.4023184618834583	-0.03985355915435709	0.010349110294220615	1.1767	0.08744200213755508
