Counter	Image	Merger	Myr	Viewpoint	# Bulges	Sep	Flux Ratio	Gini	M20	C	A	S	Sersic n	A_s
0	isolated_galaxies/m0.5_fg0.3/rot_45/broadband_005.fits	0	0.05	0	1	0	0	0.5092076924977473	-1.7616300750071794	2.7120106633233467	-0.05331258936647096	0.001607900935873937	0.8436	0.06907833241311759
1	isolated_galaxies/m0.5_fg0.3/rot_45/broadband_010.fits	0	0.1	0	1	0	0	0.4947224224695219	-1.7018634404424489	2.6081688662076896	-0.024432219046697574	0.0019953979521759296	0.7907	0.09123872946647012
2	isolated_galaxies/m0.5_fg0.3/rot_45/broadband_030.fits	0	0.29	0	1	0	0	0.5300559086616592	-1.6706287520435728	2.615652938030047	-0.013835793459378928	0.003205165678258087	0.7856	0.08022674250777613
3	isolated_galaxies/m0.5_fg0.3/rot_45/broadband_050.fits	0	0.49	0	1	0	0	0.49066034418010646	-1.78050540368352	2.712885519948621	0.028483999254276277	0.003473571066611805	0.9141	0.06026957874011215
4	isolated_galaxies/m0.5_fg0.3/rot_45/broadband_200.fits	0	1.96	0	1	0	0	0.5144510461363215	-1.9916358953722344	3.02814439951157	0.007904117762199783	0.006334322533431166	2.242	0.1822670845015841
5	isolated_galaxies/m1_fg0.3/rot_45/broadband_005.fits	0	0.05	0	1	0	0	0.498652823751177	-1.788604187830502	2.769775889098499	-0.0409084818020836	-0.007820879112069414	0.9008	0.06418671777145156
6	isolated_galaxies/m1_fg0.3/rot_45/broadband_010.fits	0	0.1	0	1	0	0	0.5064554940966209	-1.727550071503265	2.681405042296457	-0.023274626606567272	2.6222677713456278e-05	0.8382	0.06595557418328006
7	isolated_galaxies/m1_fg0.3/rot_45/broadband_020.fits	0	0.2	0	1	0	0	0.4783848591035929	-1.750929750321526	2.6467985525756004	0.0014430119662964132	0.0019921607493744975	0.8611	0.08420062825737938
8	isolated_galaxies/m1_fg0.3/rot_45/broadband_030.fits	0	0.29	0	1	0	0	0.5126540764253963	-1.7658498908266276	2.7226337454505973	-0.011948306337722536	0.0039829318520752215	0.8407	0.07115167319334412
9	isolated_galaxies/m1_fg0.3/rot_45/broadband_040.fits	0	0.39	0	1	0	0	0.4888308089009559	-1.738570058246886	2.6136196545043235	0.014974554018868024	0.01086682309419192	0.8609	0.0924423167283026
10	isolated_galaxies/m1_fg0.3/rot_45/broadband_050.fits	0	0.49	0	1	0	0	0.47560174668604155	-1.7139095595780558	2.689097494406549	0.015565096910509238	0.008487078646570155	0.8738	0.068424610640824
11	isolated_galaxies/m1_fg0.3/rot_45/broadband_060.fits	0	0.59	0	1	0	0	0.5168989609253102	-1.769394341664447	2.732424966689752	0.03701515945054266	0.006868291157379481	0.9217	0.07984576535165176
12	isolated_galaxies/m1_fg0.3/rot_45/broadband_100.fits	0	0.98	0	1	0	0	0.520154604100282	-1.7495774970001423	2.708577203023792	0.07470533807811765	0.022076890500501295	0.9484	0.1210913160653139
13	isolated_galaxies/m1_fg0.3/rot_45/broadband_200.fits	0	1.96	0	1	0	0	0.524154572977662	-1.8290020378041607	2.891875902041015	0.0670055048384192	0.015867696954819373	1.3722	0.12318773083558213
14	isolated_galaxies/m0.5_fg0.3/rot_45/broadband_005.fits	0	0.05	1	1	0	0	0.4839606389643105	-1.7317437715329176	2.721018527805282	-0.031034857865078577	0.0036746615420598303	0.8015	0.07266958250225512
15	isolated_galaxies/m0.5_fg0.3/rot_45/broadband_010.fits	0	0.1	1	1	0	0	0.5095819701790141	-1.6832343540560701	2.672892691874181	-0.01757530528587286	0.006726585732267912	0.7308	0.08403110949944897
16	isolated_galaxies/m0.5_fg0.3/rot_45/broadband_030.fits	0	0.29	1	1	0	0	0.5075315507198211	-1.5786365488754508	2.6316589948393543	-0.021938233032129776	0.01231566855793576	0.7221	0.09484760513652954
17	isolated_galaxies/m0.5_fg0.3/rot_45/broadband_050.fits	0	0.49	1	1	0	0	0.4602003078793697	-1.790299618987401	2.730760455066367	0.0014225942632847407	0.009167865212579595	0.7977	0.06378759319600047
18	isolated_galaxies/m0.5_fg0.3/rot_45/broadband_200.fits	0	1.96	1	1	0	0	0.5083344897956076	-1.9218891148793604	3.0474546815385	-0.00499234810661255	0.015731339599880833	1.4902	0.11066357314003536
19	isolated_galaxies/m1_fg0.3/rot_45/broadband_005.fits	0	0.05	1	1	0	0	0.4825736154377324	-1.7479159372955386	2.7803964069000586	-0.04184118004405976	-0.006579851301134352	0.85	0.05925960404198362
20	isolated_galaxies/m1_fg0.3/rot_45/broadband_010.fits	0	0.1	1	1	0	0	0.4875736128002358	-1.6817718375023951	2.6988169072609414	-0.034007024217677054	0.00523488112598968	0.7838	0.06278046917865304
21	isolated_galaxies/m1_fg0.3/rot_45/broadband_020.fits	0	0.2	1	1	0	0	0.4607306998278352	-1.6884332335552164	2.6622597182794863	-0.010551299276980968	0.004855677187093155	0.7699	0.05651094423759526
22	isolated_galaxies/m1_fg0.3/rot_45/broadband_030.fits	0	0.29	1	1	0	0	0.4905195959328366	-1.753368008840541	2.7553320063554554	-0.006925173821304635	0.009276928441954739	0.7889	0.08467102230395353
23	isolated_galaxies/m1_fg0.3/rot_45/broadband_040.fits	0	0.39	1	1	0	0	0.46909738206205137	-1.6898628555578272	2.6129035610048206	-0.00241353584752923	0.007356797066113764	0.7744	0.10595621131347159
24	isolated_galaxies/m1_fg0.3/rot_45/broadband_050.fits	0	0.49	1	1	0	0	0.4606914531562695	-1.67753223252274	2.7439933987637004	0.0023155653807891826	0.009102184618042719	0.8038	0.056433213901782034
25	isolated_galaxies/m1_fg0.3/rot_45/broadband_060.fits	0	0.59	1	1	0	0	0.4999244734076195	-1.7184640963298146	2.7101193393308516	0.03770733017879906	0.014717679642890405	0.8323	0.06090444840680779
26	isolated_galaxies/m1_fg0.3/rot_45/broadband_100.fits	0	0.98	1	1	0	0	0.5082845985005774	-1.729159960509189	2.735848852960357	0.053693225019480796	0.010990049391709155	0.8475	0.08914908595715725
27	isolated_galaxies/m1_fg0.3/rot_45/broadband_200.fits	0	1.96	1	1	0	0	0.4982796880668162	-1.774615334961386	2.874341037458959	0.05276104747391879	0.015395844320686861	1.1347	0.06596268025237927
28	isolated_galaxies/m0.5_fg0.3/rot_45/broadband_005.fits	0	0.05	2	1	0	0	0.4857620045352553	-1.7209958733100104	2.738723204255877	-0.050611843304001876	0.004577620567178952	0.8033	0.08038967077510284
29	isolated_galaxies/m0.5_fg0.3/rot_45/broadband_010.fits	0	0.1	2	1	0	0	0.4979392207838546	-1.6859599848431728	2.6496877562443406	-0.03290526078453104	0.007529716561927306	0.7312	0.12630876756239828
30	isolated_galaxies/m0.5_fg0.3/rot_45/broadband_030.fits	0	0.29	2	1	0	0	0.5051578970625311	-1.7776903834830402	2.730851487145483	-0.015912277727279125	0.011794965159589112	0.756	0.13738906914988216
31	isolated_galaxies/m0.5_fg0.3/rot_45/broadband_050.fits	0	0.49	2	1	0	0	0.4567520277031967	-1.6544097100521786	2.7044435366025317	-0.005675667712197795	0.008467259194502388	0.8034	0.07349932007356444
32	isolated_galaxies/m0.5_fg0.3/rot_45/broadband_200.fits	0	1.96	2	1	0	0	0.49703429667988386	-2.043151966753153	3.0770675639560476	-0.008060726781888109	0.015266625429907775	1.5931	0.07828127357262028
33	isolated_galaxies/m1_fg0.3/rot_45/broadband_005.fits	0	0.05	2	1	0	0	0.4821513549377304	-1.7159792491782007	2.77082987730896	-0.021598492251798423	0.0015355946633851523	0.8476	0.047987220482450944
34	isolated_galaxies/m1_fg0.3/rot_45/broadband_010.fits	0	0.1	2	1	0	0	0.5021205553423681	-1.708319477346058	2.722782342790833	-0.024600087922569194	0.0026311460203133695	0.7855	0.07562383409994056
35	isolated_galaxies/m1_fg0.3/rot_45/broadband_020.fits	0	0.2	2	1	0	0	0.4597226763206887	-1.669760857535021	2.6581007949141515	-0.0017361030860968498	0.006017735447852812	0.7678	0.06564949516390266
36	isolated_galaxies/m1_fg0.3/rot_45/broadband_030.fits	0	0.29	2	1	0	0	0.4999863524174724	-1.709818718014332	2.729326816050727	-0.009730400469831075	0.008685304872015376	0.7963	0.09182035686675145
37	isolated_galaxies/m1_fg0.3/rot_45/broadband_040.fits	0	0.39	2	1	0	0	0.48344859205830315	-1.731993427046071	2.7141922895814514	-0.00984767132465935	0.007917029003507122	0.7816	0.07483056379748627
38	isolated_galaxies/m1_fg0.3/rot_45/broadband_050.fits	0	0.49	2	1	0	0	0.4583197210590715	-1.7012029082459068	2.682635822197284	0.008242582003742715	0.01224667089394764	0.7842	0.08174580675081573
39	isolated_galaxies/m1_fg0.3/rot_45/broadband_060.fits	0	0.59	2	1	0	0	0.4880889672422696	-1.7328842336709158	2.732076027177206	0.022846269300024744	0.014809460334818825	0.834	0.05579326276546278
40	isolated_galaxies/m1_fg0.3/rot_45/broadband_100.fits	0	0.98	2	1	0	0	0.5056014654572104	-1.6405118932924456	2.696910200757618	0.021155282488737256	0.020252548982636124	0.8261	0.07822279128902185
41	isolated_galaxies/m1_fg0.3/rot_45/broadband_200.fits	0	1.96	2	1	0	0	0.4866689619589991	-1.8922114593094985	2.9084666432798945	0.053072943980061724	0.014976528271450247	1.074	0.10795427619244177
42	isolated_galaxies/m0.5_fg0.3/rot_45/broadband_005.fits	0	0.05	3	1	0	0	0.4768270596965653	-1.706572120866261	2.7219181983725695	-0.058578458428305245	-0.006331753016323794	0.8024	0.07045955797305378
43	isolated_galaxies/m0.5_fg0.3/rot_45/broadband_010.fits	0	0.1	3	1	0	0	0.49385544243386237	-1.6595441937609354	2.670144051797351	-0.02028764025241295	0.0069233321718894505	0.7324	0.08060375409816889
44	isolated_galaxies/m0.5_fg0.3/rot_45/broadband_030.fits	0	0.29	3	1	0	0	0.5070456750342304	-1.682468731133639	2.6640065097534134	-0.007651271209890274	0.004222788668082009	0.746	0.06596186174573097
45	isolated_galaxies/m0.5_fg0.3/rot_45/broadband_050.fits	0	0.49	3	1	0	0	0.4739802167567426	-1.6153489548063804	2.659113245194898	-0.02381783775114142	0.008569552550084805	0.7906	0.07295203739459719
46	isolated_galaxies/m0.5_fg0.3/rot_45/broadband_200.fits	0	1.96	3	1	0	0	0.5100930883364411	-1.943054151584605	3.0476213395276304	0.00636456107037279	0.01404451982546346	1.6318	0.09547167629011864
47	isolated_galaxies/m1_fg0.3/rot_45/broadband_005.fits	0	0.05	3	1	0	0	0.4695504852928078	-1.7248006836027043	2.7762170020209935	-0.042332036481213954	-0.0054947764339885585	0.8448	0.060922893285623496
48	isolated_galaxies/m1_fg0.3/rot_45/broadband_010.fits	0	0.1	3	1	0	0	0.4910106640757329	-1.661964998419684	2.7041074690391427	-0.015293009298302048	0.009613782454026405	0.7883	0.056640528477889765
49	isolated_galaxies/m1_fg0.3/rot_45/broadband_020.fits	0	0.2	3	1	0	0	0.46525697789716386	-1.7023480855327338	2.689860122461645	-0.005183817346902882	0.005440249101830669	0.7773	0.055698694757438695
50	isolated_galaxies/m1_fg0.3/rot_45/broadband_030.fits	0	0.29	3	1	0	0	0.5060383138759088	-1.6986184531650999	2.6953732251756755	-0.0020931853223690377	0.013839062489468567	0.7931	0.05919873219560588
51	isolated_galaxies/m1_fg0.3/rot_45/broadband_040.fits	0	0.39	3	1	0	0	0.4632286732412864	-1.6452230798365863	2.6691149625341537	-0.017026804033052075	0.011747848464607085	0.785	0.06858872494247505
52	isolated_galaxies/m1_fg0.3/rot_45/broadband_050.fits	0	0.49	3	1	0	0	0.44754671997018275	-1.685616226622171	2.7097255253185843	-0.006822817525896868	0.004141415689173475	0.79	0.06991874828165555
53	isolated_galaxies/m1_fg0.3/rot_45/broadband_060.fits	0	0.59	3	1	0	0	0.4941404189875708	-1.6964663451708974	2.7195557306370577	0.01719066893358321	0.010166542399225494	0.8347	0.04887524881795092
54	isolated_galaxies/m1_fg0.3/rot_45/broadband_100.fits	0	0.98	3	1	0	0	0.507055325908846	-1.7510691304505568	2.709232126080234	0.04133603306656444	0.01700039825886532	0.8287	0.07507602482940637
55	isolated_galaxies/m1_fg0.3/rot_45/broadband_200.fits	0	1.96	3	1	0	0	0.49345921674308035	-1.719074220382278	2.8523606716676113	0.04254974211153602	0.00732833691239967	1.1166	0.12221375750293227
56	isolated_galaxies/m0.5_fg0.3/rot_45/broadband_005.fits	0	0.05	4	1	0	0	0.5053532846022898	-1.7606976674386599	2.6775004683509707	-0.024222471008128448	-0.03665566360013548	0.8502	0.09424812176565704
57	isolated_galaxies/m0.5_fg0.3/rot_45/broadband_010.fits	0	0.1	4	1	0	0	0.5041949092988136	-1.7102167669728927	2.572638619619961	0.008861782772000665	-0.012288335636316237	0.8	0.06936232290841293
58	isolated_galaxies/m0.5_fg0.3/rot_45/broadband_030.fits	0	0.29	4	1	0	0	0.5431922762498167	-1.7336032490655984	2.6561177407235768	0.0046380410339456534	-0.002006594634166508	0.8131	0.11133410871775225
59	isolated_galaxies/m0.5_fg0.3/rot_45/broadband_050.fits	0	0.49	4	1	0	0	0.5045505514636126	-1.7269044327184062	2.73205587160872	-0.011611251511831905	-0.01851818581831044	0.9914	0.1065036292497653
60	isolated_galaxies/m1_fg0.3/rot_45/broadband_005.fits	0	0.05	4	1	0	0	0.5141854854017877	-1.8034457794344236	2.769622101838472	-0.050875002574256915	-0.04379550585363454	0.9118	0.0650834923098989
61	isolated_galaxies/m1_fg0.3/rot_45/broadband_010.fits	0	0.1	4	1	0	0	0.5118181846271531	-1.7533570290021534	2.6722682795996238	-0.036143440240659325	-0.009421448261094086	0.8717	0.06371916095512482
62	isolated_galaxies/m1_fg0.3/rot_45/broadband_020.fits	0	0.2	4	1	0	0	0.4842283768957314	-1.7835748249082675	2.6683523953869575	-0.009842236811086957	0.002169289230339959	0.9197	0.07985728330840934
63	isolated_galaxies/m1_fg0.3/rot_45/broadband_030.fits	0	0.29	4	1	0	0	0.5279454804103426	-1.7920240467381514	2.7516012436953186	-0.019158790798337603	-0.006128671757858324	0.8724	0.0835365688071898
64	isolated_galaxies/m1_fg0.3/rot_45/broadband_040.fits	0	0.39	4	1	0	0	0.4860667432899296	-1.7366747304251235	2.6411261013276874	0.0013927567951226422	0.004430682971193488	0.9243	0.0792489898283668
65	isolated_galaxies/m1_fg0.3/rot_45/broadband_050.fits	0	0.49	4	1	0	0	0.4917431353244029	-1.744113040043143	2.7173488786696476	0.033124269895235744	0.01229506699029475	0.9294	0.059803940073384645
66	isolated_galaxies/m1_fg0.3/rot_45/broadband_060.fits	0	0.59	4	1	0	0	0.5413227601066533	-1.7908925552630812	2.779544521292422	0.0325368906144428	-0.005387041243799919	0.9874	0.13279970357386037
67	isolated_galaxies/m1_fg0.3/rot_45/broadband_100.fits	0	0.98	4	1	0	0	0.48610519470607116	-1.7089989515425261	2.7373706066110763	0.07016874502760742	0.019686527173074557	1.0527	0.15130147629678312
68	isolated_galaxies/m1_fg0.3/rot_45/broadband_200.fits	0	1.96	4	1	0	0	0.5402932507085783	-1.857749359219216	2.9503257566986836	0.052844727401057744	-0.018805973022169513	1.7241	0.28021498085090907
69	isolated_galaxies/m0.5_fg0.3/rot_45/broadband_005.fits	0	0.05	5	1	0	0	0.4980108958720838	-1.7564977454434925	2.6989708873319422	-0.034027847974601434	-0.016390800089808786	0.8589	0.10069601074396212
70	isolated_galaxies/m0.5_fg0.3/rot_45/broadband_010.fits	0	0.1	5	1	0	0	0.5045049983230623	-1.7185239586039294	2.6035780717490558	-0.07416010629934966	-0.020729574812224188	0.8124	0.20433137332580306
71	isolated_galaxies/m0.5_fg0.3/rot_45/broadband_030.fits	0	0.29	5	1	0	0	0.5305929596280866	-1.7190933914965392	2.66281054792168	-0.02846932858317816	-0.02255122748087514	0.8182	0.09166813523533546
72	isolated_galaxies/m0.5_fg0.3/rot_45/broadband_050.fits	0	0.49	5	1	0	0	0.4995749551858576	-1.7315984806867515	2.7285260095519615	0.020723715249549565	-0.0004521100169951408	0.9964	0.08155472232294561
73	isolated_galaxies/m1_fg0.3/rot_45/broadband_005.fits	0	0.05	5	1	0	0	0.5097850264381579	-1.800907718279633	2.7848487080995654	-0.0630734103707897	-0.04309503093873783	0.9171	0.07128275411723509
74	isolated_galaxies/m1_fg0.3/rot_45/broadband_010.fits	0	0.1	5	1	0	0	0.5165998674554991	-1.7613543473590252	2.691133005814184	-0.03679768744767584	-0.009200779480594556	0.8704	0.1016028605783928
75	isolated_galaxies/m1_fg0.3/rot_45/broadband_020.fits	0	0.2	5	1	0	0	0.48761459148573105	-1.782504810153018	2.687851698393158	-0.017635231797711433	-0.0009216829223499993	0.9248	0.09439847172834798
76	isolated_galaxies/m1_fg0.3/rot_45/broadband_030.fits	0	0.29	5	1	0	0	0.5337017006474105	-1.7949515996753358	2.7481038987313755	-0.010936546427279094	-0.001335938948228513	0.865	0.09115681651717512
77	isolated_galaxies/m1_fg0.3/rot_45/broadband_040.fits	0	0.39	5	1	0	0	0.4940725889135396	-1.7375475849776894	2.660696546229853	0.011813284919733684	0.008951010198685222	0.9249	0.10190784390066117
78	isolated_galaxies/m1_fg0.3/rot_45/broadband_050.fits	0	0.49	5	1	0	0	0.49158449300271784	-1.741107601998139	2.7209547919815265	0.030289212672444787	0.01085179156734003	0.9314	0.08447930129313852
79	isolated_galaxies/m1_fg0.3/rot_45/broadband_060.fits	0	0.59	5	1	0	0	0.5335814400396446	-1.7780852932100053	2.7791736097265103	0.05637869443983993	0.003724779569746357	0.9762	0.12076330204619584
80	isolated_galaxies/m1_fg0.3/rot_45/broadband_100.fits	0	0.98	5	1	0	0	0.4894865876407498	-1.7067784868201001	2.736847986218105	0.07743954939977957	0.015501673211677594	1.0519	0.13291786765440702
81	isolated_galaxies/m1_fg0.3/rot_45/broadband_200.fits	0	1.96	5	1	0	0	0.5334597158207818	-1.849112668487318	2.9465205351889607	0.06289710570537486	-0.014915871246982463	1.7271	0.287688877729188
82	isolated_galaxies/m0.5_fg0.3/rot_45/broadband_005.fits	0	0.05	6	1	0	0	0.5267894648033422	-1.7763859655131964	2.7075765142782364	-0.03843994946202815	-0.0641834845555134	0.8549	0.1072147781242479
83	isolated_galaxies/m0.5_fg0.3/rot_45/broadband_010.fits	0	0.1	6	1	0	0	0.5046732795283707	-1.7124987594152532	2.5836923592745737	-0.024838081775810306	-0.023756266389581213	0.8118	0.1359672728285709
84	isolated_galaxies/m0.5_fg0.3/rot_45/broadband_030.fits	0	0.29	6	1	0	0	0.5437838498981582	-1.7292248461373467	2.6511191931035776	0.008935842249739505	-0.02636439272100198	0.8277	0.06893601106484933
85	isolated_galaxies/m0.5_fg0.3/rot_45/broadband_050.fits	0	0.49	6	1	0	0	0.49432655479757087	-1.7203439941822587	2.7355027719182616	-0.01197053110517421	0.0023068037643657322	0.9975	0.11826535952005476
86	isolated_galaxies/m1_fg0.3/rot_45/broadband_005.fits	0	0.05	6	1	0	0	0.5046212557727461	-1.799831912581175	2.781459116419584	-0.046459397109258546	-0.02149454186264848	0.9165	0.04319883986522615
87	isolated_galaxies/m1_fg0.3/rot_45/broadband_010.fits	0	0.1	6	1	0	0	0.5193921110735173	-1.7596316518484518	2.6891472428729344	-0.03567281781457774	-0.012815364902757927	0.8716	0.04663967354460547
88	isolated_galaxies/m1_fg0.3/rot_45/broadband_020.fits	0	0.2	6	1	0	0	0.49466507816679944	-1.7844813509430328	2.6877216552084553	-0.015104253014734538	-0.0021288898171995395	0.9244	0.08236943974988507
89	isolated_galaxies/m1_fg0.3/rot_45/broadband_030.fits	0	0.29	6	1	0	0	0.5224240343263052	-1.7842330846638295	2.7429642031092207	-0.027506722084872613	-0.005896230590702412	0.8652	0.0969512654996842
90	isolated_galaxies/m1_fg0.3/rot_45/broadband_040.fits	0	0.39	6	1	0	0	0.4828125757866419	-1.7289963489124864	2.6509376878982915	0.010808740451349119	0.005746956491011665	0.9244	0.07628619998815998
91	isolated_galaxies/m1_fg0.3/rot_45/broadband_050.fits	0	0.49	6	1	0	0	0.4906340727919942	-1.7429657104241054	2.7204815297190246	0.03346819425767801	0.011557378702914008	0.9278	0.06186166930495542
92	isolated_galaxies/m1_fg0.3/rot_45/broadband_060.fits	0	0.59	6	1	0	0	0.5369813517410802	-1.781821945111354	2.7827614399293314	0.057487105244465285	0.00877511378016022	0.9823	0.1389990143180333
93	isolated_galaxies/m1_fg0.3/rot_45/broadband_100.fits	0	0.98	6	1	0	0	0.4901605303660175	-1.7127396149623924	2.741615491199805	0.0902488499059014	0.022146056062124397	1.0525	0.12488995017639375
94	isolated_galaxies/m1_fg0.3/rot_45/broadband_200.fits	0	1.96	6	1	0	0	0.540124779721998	-1.8474761262769783	2.947803543807673	0.06503908678310868	-0.022265570103665505	1.7255	0.2601282747096652
0	q0.5_fg0.3_allrx10_sunruns/hires_kin/broadband_170.fits	1	1.66	0	1	0	0	0.5356023432103107	-2.4684799569663705	4.580592434419851	0.05362550788056757	0.0030151368935452567	4.1529	0.4580295290965951
1	q0.5_fg0.3_allrx10_sunruns/hires_kin/broadband_180.fits	1	1.76	0	2	8.630330172984259	2.460141006352256	0.5735787608043299	-0.832010673575649	1.3972880939370083	0.32439378292623916	0.1232896543995834	4.1115	0.302702370139111
2	q0.5_fg0.3_allrx10_sunruns/hires_kin/broadband_185.fits	1	1.81	0	2	7.661035638233124	3.1384845856609034	0.5792474930156785	-0.9048591126973309	1.4298182307405247	0.45679882400952165	0.1103159301634339	3.3573	0.7053431972734324
3	q0.5_fg0.3_allrx10_sunruns/hires_kin/broadband_205.fits	1	2.0	0	2	8.930225992925518	5.471671298737146	0.6094629147218028	-0.919843883636394	4.444724436771486	0.29048818860447306	0.003389121138020773	3.0011	0.5406040692854173
4	q0.5_fg0.3_allrx10_sunruns/hires_kin/broadband_220.fits	1	2.15	0	1	0	0	0.6180310671299142	-1.7558727718803098	3.5681569183455126	0.17706032810823788	0.0009370673202627445	1.6052	0.7793967610808678
5	q0.5_fg0.3_allrx10_sunruns/hires_kin/broadband_225.fits	1	2.2	0	1	0	0	0.5550559727561736	-2.0419910605878595	3.6114048009428097	0.14726038939905764	-0.005150108514771932	2.0803	0.3846580880344558
6	q0.5_fg0.3_allrx10_sunruns/hires_kin/broadband_230.fits	1	2.25	0	1	0	0	0.5646979874340531	-2.0260917131355196	3.9488893450471014	0.15678700452295058	-0.002213400474282639	2.7061	0.3814305287798049
7	q0.5_fg0.3_allrx10_sunruns/hires_kin/broadband_240.fits	1	2.35	0	1	0	0	0.6185703602102535	-2.2266059009021975	4.682294566994708	0.11227358915547198	9.337382091663464e-05	3.106	0.2883131952491299
8	q0.5_fg0.3_allrx10_sunruns/hires_kin/broadband_250.fits	1	2.44	0	1	0	0	0.5960465251753178	-2.4071255357855375	4.568301606804649	0.09361075589775045	0.004264119016630158	3.2298	0.388416808796704
9	q0.5_fg0.3_allrx10_sunruns/hires_kin/broadband_260.fits	1	2.54	0	1	0	0	0.6081934694172537	-2.3198741522091035	4.688418737121111	0.11460329881513188	0.00443509368433222	3.2633	0.24010384089071057
10	q0.5_fg0.3_allrx10_sunruns/hires_kin/broadband_265.fits	1	2.59	0	1	0	0	0.6369715526894154	-2.3720857523848635	4.79292375317188	0.0592710281712673	-0.002645698516711168	3.2578	0.14352873094178875
11	q0.5_fg0.3_allrx10_sunruns/hires_kin/broadband_275.fits	1	2.69	0	1	0	0	0.6271128631818403	-2.210103640209122	4.589680914820974	0.13339134914591608	-0.002692866115186301	2.8419	0.2062000623406857
12	q0.5_fg0.3_allrx10_sunruns/hires_kin/broadband_285.fits	1	2.79	0	1	0	0	0.6115001470826661	-2.2905845406543204	4.6366407643654375	0.09062610643530854	-0.0036590586490069855	3.0994	0.14888451977604628
13	q0.5_fg0.3_allrx10_sunruns/hires_kin/broadband_295.fits	1	3.62	0	1	0	0	0.6048243374464791	-2.3722993671735635	4.556204221649649	0.06537478929042805	0.00017841791555646988	2.8854	0.15075451729230163
14	q0.5_fg0.3_allrx10_sunruns/hires_kin/broadband_305.fits	1	4.6	0	1	0	0	0.5916320049063704	-2.2914952888842817	3.9050583717241394	-0.016559603605633345	-0.006984390684976227	2.6378	0.07711534537701428
15	q0.5_fg0.3_allrx10_sunruns/hires_kin/broadband_311.fits	1	5.18	0	1	0	0	0.5939553289143218	-2.41946311859763	4.4300302611520594	0.001839493255839577	-0.003995705042249043	2.9184	0.1045680987172546
16	q0.5_fg0.3_allrx10_sunruns/hires_kin/broadband_315.fits	1	5.57	0	1	0	0	0.5906511094276613	-2.4191633881199737	4.392573496023042	0.005245317840315588	-0.0070728037442565825	2.9639	0.12827791920207063
17	q0.5_fg0.3_allrx10_sunruns/hires_kin/broadband_320.fits	1	6.06	0	1	0	0	0.5468526539086316	-2.2809981366384577	4.0256548066263	-0.07166215925692128	-0.004609734013873118	2.9263	0.11122256139359678
18	q0.5_fg0.3_allrx10_sunruns/hires_kin_early_cen1/broadband_005.fits	1	0.05	0	1	0	0	0.5093373821193433	-1.805764260572079	2.7815632177837997	-0.04771402442440706	-0.023330575307215946	0.9227	0.06648633017095697
19	q0.5_fg0.3_allrx10_sunruns/hires_kin_early_cen1/broadband_010.fits	1	0.1	0	1	0	0	0.5051809308853533	-1.7459363702918336	2.658471334579531	-0.018909345405032578	0.0037170584426892816	0.8563	0.05631500181638477
20	q0.5_fg0.3_allrx10_sunruns/hires_kin_early_cen1/broadband_020.fits	1	0.2	0	1	0	0	0.4895721635571951	-1.7776047385877716	2.685880635986717	-0.009566117867754959	0.0064765278224533564	0.9204	0.08106666321753143
21	q0.5_fg0.3_allrx10_sunruns/hires_kin_early_cen1/broadband_030.fits	1	0.29	0	1	0	0	0.5282968591532318	-1.7943038248807357	2.736521946910603	0.020409141727634927	0.004119055913903567	0.862	0.08218564165540698
22	q0.5_fg0.3_allrx10_sunruns/hires_kin_early_cen1/broadband_040.fits	1	0.39	0	2	12.468414490635062	2.069569426615435	0.5021030480206711	-0.8729648548659122	1.7315665295663993	0.3304782937366505	0.010467052503746388	0.8308	0.38561494524023915
23	q0.5_fg0.3_allrx10_sunruns/hires_kin_early_cen1/broadband_100.fits	1	0.98	0	1	0	0	0.643169072721326	-2.3754360086464175	4.467145434395208	0.1504401585928551	0.0037060498123659873	3.5458	0.43110978815783496
24	q0.5_fg0.3_allrx10_sunruns/hires_kin_early_cen1/broadband_120.fits	1	1.17	0	1	0	0	0.6260569363145368	-2.6191301074210895	5.06616132313343	0.11302928826382709	0.0012580169750289042	3.7871	0.3684237944703447
25	q0.5_fg0.3_allrx10_sunruns/hires_kin_early_cen1/broadband_140.fits	1	1.37	0	1	0	0	0.5786456872325735	-2.398637823032609	4.776099855659273	0.11993303369556946	0.008756410428176627	4.1779	0.20976547368549828
26	q0.5_fg0.3_allrx10_sunruns/hires_kin_early_cen1/broadband_160.fits	1	1.56	0	1	0	0	0.5898992868791114	-2.208178613562961	4.921305016279026	0.13339034160330923	0.0011315095468558843	4.0654	0.29467723085072406
27	q0.5_fg0.3_allrx10_sunruns/hires_kin/broadband_170.fits	1	1.66	1	1	0	0	0.5815223361853584	-2.410911082189406	4.288128010089087	0.04532888457217579	0.017713844583137062	2.926	0.3335144881025245
28	q0.5_fg0.3_allrx10_sunruns/hires_kin/broadband_180.fits	1	1.76	1	2	7.300651531522541	1.9767875628640525	0.5616985342398781	-0.7921403340543517	1.753172995048497	0.19932196927309595	0.097921012024407	2.6074	0.40702295023566526
29	q0.5_fg0.3_allrx10_sunruns/hires_kin/broadband_185.fits	1	1.81	1	2	7.259684266971348	2.4669480270775836	0.5829657356140943	-0.7968356269739088	1.616126680572788	0.4639774025391419	0.08305896230143375	1.8349	0.6003139174172699
30	q0.5_fg0.3_allrx10_sunruns/hires_kin/broadband_190.fits	1	1.86	1	2	12.663621642765223	6.810202095996841	0.621029853210808	-0.6711371543390781	3.920042931963359	0.5451975269873572	0.046765840256251974	3.7859	0.5481460012417125
31	q0.5_fg0.3_allrx10_sunruns/hires_kin/broadband_205.fits	1	2.0	1	2	7.670721787999425	3.63780989567044	0.6274392333496839	-0.6011115614428117	1.3175281190968664	0.5955529619899403	0.14994778556583474	2.9028	0.8025075225714584
32	q0.5_fg0.3_allrx10_sunruns/hires_kin/broadband_210.fits	1	2.05	1	2	1.6558792716325166	4.329123745028262	0.5827670654469653	-1.1360871523427818	2.887110445990539	0.22921889313634403	0.0347309587402062	2.4188	0.31025534420662054
33	q0.5_fg0.3_allrx10_sunruns/hires_kin/broadband_220.fits	1	2.15	1	1	0	0	0.6004913908482183	-2.3121369304989976	4.135359740527931	0.17011956962905692	0.005186627837172637	2.7452	0.7060661726198536
34	q0.5_fg0.3_allrx10_sunruns/hires_kin/broadband_225.fits	1	2.2	1	1	0	0	0.5747859566212681	-1.9852822211329277	4.301719465617385	0.21363620236721007	0.006639214986639603	3.0728	0.42392054895495646
35	q0.5_fg0.3_allrx10_sunruns/hires_kin/broadband_230.fits	1	2.25	1	1	0	0	0.6248632750637558	-1.9860203749838856	4.655621896549683	0.220493345918644	-0.003899316029949002	3.1794	0.7152258539832571
36	q0.5_fg0.3_allrx10_sunruns/hires_kin/broadband_240.fits	1	2.35	1	1	0	0	0.636182832425502	-2.1493415298142216	4.870325496285209	0.16336216818954052	0.004035238623520615	3.3277	0.39889905764447936
37	q0.5_fg0.3_allrx10_sunruns/hires_kin/broadband_250.fits	1	2.44	1	1	0	0	0.6060486849866866	-2.3326142732717865	4.740537605518788	0.13402021535739625	-0.0028550576373913786	3.5365	0.5976915286693734
38	q0.5_fg0.3_allrx10_sunruns/hires_kin/broadband_260.fits	1	2.54	1	1	0	0	0.6130619179336839	-2.285914347895155	4.728023071376024	0.13827670888005641	-0.0007592875334741872	3.3241	0.32468483404142096
39	q0.5_fg0.3_allrx10_sunruns/hires_kin/broadband_265.fits	1	2.59	1	1	0	0	0.6312656833217823	-2.4431627506507794	4.804682797647748	0.07446446808631198	-0.0037599783779631844	3.4112	0.24828268540425824
40	q0.5_fg0.3_allrx10_sunruns/hires_kin/broadband_285.fits	1	2.79	1	1	0	0	0.6096172255781988	-2.3289106223840466	4.660772304188282	0.11011433220658193	-0.0022351188089155794	3.1873	0.23440517921900933
41	q0.5_fg0.3_allrx10_sunruns/hires_kin/broadband_295.fits	1	3.62	1	1	0	0	0.5481342184070934	-2.168008489467097	3.6193706770677214	0.015224480791585126	0.0016945629828383057	2.3762	0.063575078183221
42	q0.5_fg0.3_allrx10_sunruns/hires_kin/broadband_305.fits	1	4.6	1	1	0	0	0.5624979571139054	-2.405567844221001	4.437565791200836	0.011627896906862252	-0.001047115907944494	3.6583	0.07872939803519231
43	q0.5_fg0.3_allrx10_sunruns/hires_kin/broadband_311.fits	1	5.18	1	1	0	0	0.584477433655964	-2.359877714866551	3.9653714005862866	-0.015126529129097004	-0.003782445810283438	2.9402	0.09091152476458024
44	q0.5_fg0.3_allrx10_sunruns/hires_kin/broadband_315.fits	1	5.57	1	1	0	0	0.5990187184786705	-2.4003852306575513	4.189917610271699	-0.04194770717848672	-0.023728111735110448	3.3355	0.16706687801899006
45	q0.5_fg0.3_allrx10_sunruns/hires_kin/broadband_320.fits	1	6.06	1	1	0	0	0.5667090223042502	-2.3811104695517438	4.290610480066387	-0.03275081266319416	-0.006534663470340296	3.2607	0.08537789581867213
46	q0.5_fg0.3_allrx10_sunruns/hires_kin_early_cen1/broadband_005.fits	1	0.05	1	1	0	0	0.5992855891859333	-1.6061163380188308	3.3668309297540793	0.02451454741207639	0.0740526788685845	0.5444	0.07206960661872941
47	q0.5_fg0.3_allrx10_sunruns/hires_kin_early_cen1/broadband_010.fits	1	0.1	1	1	0	0	0.5898767137006659	-1.5709058525079787	3.335532859392194	-0.02113531761224887	0.057593670513108576	0.5334	0.08209045219008819
48	q0.5_fg0.3_allrx10_sunruns/hires_kin_early_cen1/broadband_020.fits	1	0.2	1	1	0	0	0.5888872081040121	-1.5679540476739349	3.289583305169726	-0.03902223899907851	0.0615720346681955	0.5185	0.10099828800557925
49	q0.5_fg0.3_allrx10_sunruns/hires_kin_early_cen1/broadband_030.fits	1	0.29	1	1	0	0	0.5879292121638287	-1.5722279112962725	3.4047746583335514	-0.036282566512051334	0.06854464387661731	0.5523	0.11420798181208816
50	q0.5_fg0.3_allrx10_sunruns/hires_kin_early_cen1/broadband_040.fits	1	0.39	1	2	0	0	0.48112423905708995	-1.0285243903839518	2.877232361237179	0.3915015731741976	-0.08028960286919858	0.7282	0.4180736773034288
51	q0.5_fg0.3_allrx10_sunruns/hires_kin_early_cen1/broadband_100.fits	1	0.98	1	1	0	0	0.5713427531252212	-2.2260753500870964	4.1030996777041615	0.03674381304637683	0.017104238964954274	2.0582	0.23908352411966718
52	q0.5_fg0.3_allrx10_sunruns/hires_kin_early_cen1/broadband_120.fits	1	1.17	1	1	0	0	0.6217113935258626	-2.196738486288554	3.8367513142004843	0.08278182993174585	0.0036490028428687407	2.2463	0.27745449244643605
53	q0.5_fg0.3_allrx10_sunruns/hires_kin_early_cen1/broadband_140.fits	1	1.37	1	1	0	0	0.6313287269356593	-2.3735143754147505	4.154104274983777	0.043793469331332525	0.016030641816635095	2.5004	0.3392095716643367
54	q0.5_fg0.3_allrx10_sunruns/hires_kin_early_cen1/broadband_160.fits	1	1.56	1	1	0	0	0.6255231775780103	-2.0512258547909528	4.15406651596402	0.1256152325231667	0.005296295188521546	2.7491	0.2032190162146264
55	q0.5_fg0.3_allrx10_sunruns/hires_kin/broadband_170.fits	1	1.66	2	1	0	0	0.6113154538562968	-2.41162018551718	4.171760973813937	0.060366145684562424	0.0010227557578682165	3.4658	0.3504566774855424
56	q0.5_fg0.3_allrx10_sunruns/hires_kin/broadband_180.fits	1	1.76	2	2	7.5660435704167535	3.2460858385570757	0.6064378016728956	-1.1524510808784558	4.280275559675156	0.4082805650683156	0.009444624422917809	3.2631	0.8139167706295116
57	q0.5_fg0.3_allrx10_sunruns/hires_kin/broadband_185.fits	1	1.81	2	2	5.832105406473922	3.7545682216601532	0.59075618988363	-1.1316266483374795	1.6329789531573216	0.6164329438490552	0.09207790474254963	3.1241	0.738025182331755
58	q0.5_fg0.3_allrx10_sunruns/hires_kin/broadband_205.fits	1	2.0	2	2	8.119449599914748	5.388154001324168	0.6369988894028555	-0.7783209422260673	4.23174178753151	0.3404674407670478	0.016674234844568623	2.6072	0.5870228847795632
59	q0.5_fg0.3_allrx10_sunruns/hires_kin/broadband_210.fits	1	2.05	2	2	1.4874251940107064	5.85005568464567	0.559866511464313	-1.4218593472000005	2.9168044825975104	0.2944401583617425	0.011421975011098633	1.6755	0.3358083489060031
60	q0.5_fg0.3_allrx10_sunruns/hires_kin/broadband_220.fits	1	2.15	2	1	0	0	0.5826726738149273	-2.1949326969976632	4.0283405528647656	0.07566086673944106	-0.0018186096120752424	2.1106	0.1473519143041907
61	q0.5_fg0.3_allrx10_sunruns/hires_kin/broadband_225.fits	1	2.2	2	1	0	0	0.5883560709941134	-1.9013461600442216	4.041446345755575	0.15344203755863853	-0.0034707758813020784	2.3451	0.1527082740954328
62	q0.5_fg0.3_allrx10_sunruns/hires_kin/broadband_230.fits	1	2.25	2	1	0	0	0.6143124222438429	-1.838020028064364	4.439413656423245	0.2087018253797266	-0.0025022087038029314	2.6877	0.6476757788740873
63	q0.5_fg0.3_allrx10_sunruns/hires_kin/broadband_240.fits	1	2.35	2	1	0	0	0.6114267518342865	-2.246660579551011	4.725966029808953	0.14126579366472955	0.0031042752235599038	3.1234	0.3037582171954868
64	q0.5_fg0.3_allrx10_sunruns/hires_kin/broadband_265.fits	1	2.59	2	1	0	0	0.5555526910437378	-2.142342115073122	3.5976703577824227	0.04713866049239906	-0.0017918336634307084	2.256	0.18958211924910523
65	q0.5_fg0.3_allrx10_sunruns/hires_kin/broadband_275.fits	1	2.69	2	1	0	0	0.5657512213220166	-2.0836027809471345	3.6445660851471233	0.03773732502604569	-0.00509454852323311	2.058	0.1951859950004781
66	q0.5_fg0.3_allrx10_sunruns/hires_kin/broadband_285.fits	1	2.79	2	1	0	0	0.5748662068722863	-2.0719563064330777	3.716183085265529	0.03914147486128677	-0.0010562399387207683	2.2509	0.19096391878963176
67	q0.5_fg0.3_allrx10_sunruns/hires_kin/broadband_295.fits	1	3.62	2	1	0	0	0.5744415284692079	-2.4093926042673504	4.4507923396236215	0.04828137848438274	-0.003586253136665445	3.5333	0.1046951455177364
68	q0.5_fg0.3_allrx10_sunruns/hires_kin/broadband_305.fits	1	4.6	2	1	0	0	0.5770625003855805	-2.3800790632498146	4.071949690718515	-0.006421988858305816	-0.0021845256104460853	3.355	0.17637222427557853
69	q0.5_fg0.3_allrx10_sunruns/hires_kin/broadband_311.fits	1	5.18	2	1	0	0	0.5726146983713161	-2.4135774035987354	4.373836225258399	0.0034664747684704576	-0.0035798173245227835	3.579	0.09456332831504158
70	q0.5_fg0.3_allrx10_sunruns/hires_kin/broadband_315.fits	1	5.57	2	1	0	0	0.5717113265024463	-2.4079996386883336	4.348341018024794	0.028484234732229104	-0.0013673252861507682	3.7552	0.1286334420382889
71	q0.5_fg0.3_allrx10_sunruns/hires_kin/broadband_320.fits	1	6.06	2	1	0	0	0.5859926897280526	-2.4710804930876096	4.308752386574167	-0.022257594590460894	-0.0218621340764919	3.7054	0.1108885058324689
72	q0.5_fg0.3_allrx10_sunruns/hires_kin_early_cen1/broadband_005.fits	1	0.05	2	1	0	0	0.5753888462900377	-1.649657975931846	3.28937058265819	-0.008057603798284718	0.0335073902813257	0.5904	0.14513071694867727
73	q0.5_fg0.3_allrx10_sunruns/hires_kin_early_cen1/broadband_010.fits	1	0.1	2	1	0	0	0.568827822618847	-1.556640415094147	3.2175821058371397	0.008448181385635252	0.049256663693271016	0.5851	0.0922729290553571
74	q0.5_fg0.3_allrx10_sunruns/hires_kin_early_cen1/broadband_020.fits	1	0.2	2	1	0	0	0.5399445003548513	-1.5518969871485575	3.1485139305116054	-0.011902275705001209	0.037763151275977076	0.5496	0.1461649565399483
75	q0.5_fg0.3_allrx10_sunruns/hires_kin_early_cen1/broadband_030.fits	1	0.29	2	1	0	0	0.5389775644249176	-1.5315517419405031	3.111153298046732	-0.030007221083502216	0.020585152558036033	0.5975	0.13352937725037808
76	q0.5_fg0.3_allrx10_sunruns/hires_kin_early_cen1/broadband_040.fits	1	0.39	2	2	5.057930846178339	1.4815625784659865	0.49453382975235655	-1.1912891853698382	2.434027346368057	0.4399064474485407	0.017346568258411965	0.6627	0.6533747643023061
77	q0.5_fg0.3_allrx10_sunruns/hires_kin_early_cen1/broadband_060.fits	1	0.59	2	1	0	0	0.6584393549572711	-1.8397675280169337	3.258118759948597	0.2840226958863172	0.02589797286168274	1.3397	0.9026298183307443
78	q0.5_fg0.3_allrx10_sunruns/hires_kin_early_cen1/broadband_080.fits	1	0.78	2	1	0	0	0.583088075926302	-1.8988146493328788	4.202619620314875	0.22817493213470916	0.009140526107760803	2.3014	0.34935894661621875
79	q0.5_fg0.3_allrx10_sunruns/hires_kin_early_cen1/broadband_100.fits	1	0.98	2	1	0	0	0.6268285533628707	-2.1758535658090663	3.9633971500868324	0.1446237157011795	0.006035209848816717	2.5991	0.37131657245790023
80	q0.5_fg0.3_allrx10_sunruns/hires_kin_early_cen1/broadband_120.fits	1	1.17	2	1	0	0	0.584691856528352	-2.484640753092232	4.4955870770251884	0.07525610720777538	0.0031066585844275393	3.4149	0.15791871515967684
81	q0.5_fg0.3_allrx10_sunruns/hires_kin_early_cen1/broadband_140.fits	1	1.37	2	1	0	0	0.5394786807910985	-2.166518463172922	3.8913413791934786	0.11764253531362046	0.006234491334985907	2.8034	0.17216356861226367
82	q0.5_fg0.3_allrx10_sunruns/hires_kin_early_cen1/broadband_160.fits	1	1.56	2	1	0	0	0.6215001571836579	-2.440713022157366	4.295227913104499	0.1298879975650719	0.003200129143387119	3.3374	0.3401833152953886
83	q0.5_fg0.3_allrx10_sunruns/hires_kin/broadband_180.fits	1	1.76	3	2	3.1385913064444892	5.635338394949531	0.5924885978507027	-1.9561684064121299	3.851010581175076	0.2865072322623779	0.010300804039585866	3.7901	0.3793583770395859
84	q0.5_fg0.3_allrx10_sunruns/hires_kin/broadband_185.fits	1	1.81	3	2	3.9557319088184557	1.8935640510416134	0.5112358132046001	-0.9649798198228197	2.0289361937237596	0.49375756680459226	0.036774571424510696	0.538	0.3857553758770058
85	q0.5_fg0.3_allrx10_sunruns/hires_kin/broadband_190.fits	1	1.86	3	2	6.23699643883622	6.045608224106684	0.5591483750313249	-1.0443130853886735	2.5163953352082045	0.39426034596328263	0.032882392869172654	1.9111	0.5626006057620248
86	q0.5_fg0.3_allrx10_sunruns/hires_kin/broadband_205.fits	1	2.0	3	2	2.597447097365246	4.929467413122057	0.5947721319650562	-1.2314548074938156	2.5074006770610957	0.3319825802976027	0.0676230356355705	2.97	0.3817548347550875
87	q0.5_fg0.3_allrx10_sunruns/hires_kin/broadband_210.fits	1	2.05	3	1	0	0	0.6025335491476378	-2.182978457243021	3.777516030557877	0.19171965602702218	-0.0009602599636492183	1.8325	0.2479267008468292
88	q0.5_fg0.3_allrx10_sunruns/hires_kin/broadband_220.fits	1	2.15	3	1	0	0	0.6189912200072263	-2.3233528838964643	4.639649153692644	0.23414960979470936	-0.0024171446126044728	3.093	0.7954840237232443
89	q0.5_fg0.3_allrx10_sunruns/hires_kin/broadband_225.fits	1	2.2	3	1	0	0	0.640252916970661	-2.1340813700076224	4.250201182401842	0.1901201260725993	0.0016591493885443646	3.2088	0.5467225560543195
90	q0.5_fg0.3_allrx10_sunruns/hires_kin/broadband_230.fits	1	2.25	3	1	0	0	0.6381816424294154	-2.125957937103241	4.244207595474769	0.15326980483123154	0.0022302712035273155	3.1319	0.4253976792811101
91	q0.5_fg0.3_allrx10_sunruns/hires_kin/broadband_260.fits	1	2.54	3	1	0	0	0.606715540578903	-2.3390193704111875	4.394607009719143	0.06317049751888518	-0.00684471095173118	3.0562	0.19938499634466386
92	q0.5_fg0.3_allrx10_sunruns/hires_kin/broadband_265.fits	1	2.59	3	1	0	0	0.5945405328640282	-2.279627746668977	4.172162492288834	0.06230423387790774	0.006709994215419055	2.835	0.22761351225307117
93	q0.5_fg0.3_allrx10_sunruns/hires_kin/broadband_275.fits	1	2.69	3	1	0	0	0.6011530718858498	-2.2736942393201582	3.863824178877571	0.034793489422436444	0.0015749821076396445	2.2385	0.12429195929116293
94	q0.5_fg0.3_allrx10_sunruns/hires_kin/broadband_285.fits	1	2.79	3	1	0	0	0.6034818152582212	-2.189434485016735	3.890470198133599	0.015309549982771202	0.0009575287307599303	2.0892	0.14057487109592334
95	q0.5_fg0.3_allrx10_sunruns/hires_kin/broadband_295.fits	1	3.62	3	1	0	0	0.5915689499891513	-2.2132084096015068	3.7916408651837346	-0.008880728919817737	-0.00028810052697538944	2.1245	0.12301380242108298
96	q0.5_fg0.3_allrx10_sunruns/hires_kin/broadband_305.fits	1	4.6	3	1	0	0	0.6028522905234678	-2.3531590962246747	4.263356407705562	0.03992384892182167	-0.008005392973621439	2.8039	0.09848224790387548
97	q0.5_fg0.3_allrx10_sunruns/hires_kin/broadband_311.fits	1	5.18	3	1	0	0	0.6068132854532433	-2.3669864180992675	4.040432780693573	-0.03678809014548664	-0.002582820283781866	2.6728	0.13569753735582915
98	q0.5_fg0.3_allrx10_sunruns/hires_kin/broadband_315.fits	1	5.57	3	1	0	0	0.6097152137012181	-2.443803814015227	4.3522713682110945	-0.040826314094476304	-0.012861809918918783	2.9186	0.20502888236351224
99	q0.5_fg0.3_allrx10_sunruns/hires_kin/broadband_320.fits	1	6.06	3	1	0	0	0.5967434520624365	-2.4208553252460545	4.273970323361666	0.0031233415861875308	0.0019411081803008326	2.7867	0.15269409774881507
100	q0.5_fg0.3_allrx10_sunruns/hires_kin_early_cen1/broadband_005.fits	1	0.05	3	1	0	0	0.49072739374900215	-1.7851766860804055	2.7731238687877724	-0.031187570333515515	0.0017842257846933508	0.9133	0.06373713791617207
101	q0.5_fg0.3_allrx10_sunruns/hires_kin_early_cen1/broadband_010.fits	1	0.1	3	1	0	0	0.5088216336275934	-1.7396386851079189	2.66903092734341	-0.02400631140752508	-0.003113534613338887	0.8307	0.08912434698669663
102	q0.5_fg0.3_allrx10_sunruns/hires_kin_early_cen1/broadband_020.fits	1	0.2	3	1	0	0	0.47638683727129705	-1.7684349071433823	2.6619617245117047	-0.011568452847338791	0.0003804070181979511	0.8658	0.072470178982511
103	q0.5_fg0.3_allrx10_sunruns/hires_kin_early_cen1/broadband_030.fits	1	0.29	3	2	10.304746168001659	3.2216621887342693	0.5633325303852922	-1.044451136652125	1.465776265710845	0.6009966106617974	0.03340594828268538	0.8327	0.7008999049869677
104	q0.5_fg0.3_allrx10_sunruns/hires_kin_early_cen1/broadband_040.fits	1	0.39	3	2	11.776679663510635	3.441279917108657	0.5906973630120343	-1.187490260743446	3.3232794015125053	0.25945456073633505	0.010159972044030961	0.7907	0.3887702162913007
105	q0.5_fg0.3_allrx10_sunruns/hires_kin_early_cen1/broadband_080.fits	1	0.78	3	1	0	0	0.6715827504336276	-2.4754924074504836	4.317535598818391	0.17667495720558465	0.0015520456829974227	3.3198	0.35003547138401725
106	q0.5_fg0.3_allrx10_sunruns/hires_kin_early_cen1/broadband_100.fits	1	0.98	3	1	0	0	0.6151080634076952	-2.284535648428111	4.419775509361699	0.1133040698699248	0.008966062095938053	3.3233	0.3221878970566169
107	q0.5_fg0.3_allrx10_sunruns/hires_kin_early_cen1/broadband_120.fits	1	1.17	3	1	0	0	0.6209938255412856	-2.583701990703807	4.820294102104297	0.10700199224726815	0.0028272018314687577	3.9113	0.25498745919046945
108	q0.5_fg0.3_allrx10_sunruns/hires_kin_early_cen1/broadband_140.fits	1	1.37	3	1	0	0	0.5687942225515207	-2.3682958261748706	4.7142888778766086	0.12073014973793855	-0.0006953165606693698	4.0009	0.47973545206281626
109	q0.5_fg0.3_allrx10_sunruns/hires_kin_early_cen1/broadband_160.fits	1	1.56	3	2	14.234337713391854	5.244209102504512	0.6121406203043896	-2.6030586542840606	4.846384168642545	0.11148059471942717	0.003835013706373888	4.3437	0.3349367886266778
110	q0.5_fg0.3_allrx10_sunruns/hires_kin/broadband_180.fits	1	1.76	4	2	7.934645250419218	3.1402194556562164	0.5712437778694143	-1.3168660838744906	1.614778856436638	0.5812553047870431	0.11246365915548104	4.1001	0.529407082468835
111	q0.5_fg0.3_allrx10_sunruns/hires_kin/broadband_185.fits	1	1.81	4	2	7.601977515770353	5.89494829200271	0.6053901865839547	-1.2188280421000428	4.3376828166408545	0.40908704971755294	0.020122776451232754	4.2458	0.6273985533495168
112	q0.5_fg0.3_allrx10_sunruns/hires_kin/broadband_205.fits	1	2.0	4	2	7.91147912152197	5.352048002956727	0.6271769943819671	-0.8135673183021259	5.065697624651159	0.3916425075849405	0.07057845087422296	3.5458	0.46321123862197344
113	q0.5_fg0.3_allrx10_sunruns/hires_kin/broadband_210.fits	1	2.05	4	2	1.4478357891080837	7.640468683654395	0.5724738041755665	-1.487016691883584	3.1229401149525926	0.41298634365401554	0.0125860364723346	2.6864	0.3797881444531719
114	q0.5_fg0.3_allrx10_sunruns/hires_kin/broadband_230.fits	1	2.25	4	1	0	0	0.6087303629475002	-1.8292501511778803	4.158422850147712	0.2589824572232975	-0.02049515579489044	2.4177	0.8116670517116623
115	q0.5_fg0.3_allrx10_sunruns/hires_kin/broadband_240.fits	1	2.35	4	1	0	0	0.5548196397975116	-1.85527923661431	3.6895137917424465	0.16066338153204615	0.0032081271537573713	2.0606	0.3140218326602547
116	q0.5_fg0.3_allrx10_sunruns/hires_kin/broadband_260.fits	1	2.54	4	1	0	0	0.5743368552293984	-2.1528100760446494	3.7352735105166683	0.12515478369119948	0.009421422394868427	2.1924	0.1775323826225834
117	q0.5_fg0.3_allrx10_sunruns/hires_kin/broadband_265.fits	1	2.59	4	1	0	0	0.5406941444850144	-2.105645191134323	3.5512001225671526	0.03657428319950241	-0.00010827723242629137	2.1403	0.13099660554040649
118	q0.5_fg0.3_allrx10_sunruns/hires_kin/broadband_275.fits	1	2.69	4	1	0	0	0.5618772630356811	-2.0806853218094683	3.5792741652998146	0.05583751868915951	-0.0014308809625939063	2.0527	0.19040116938061802
119	q0.5_fg0.3_allrx10_sunruns/hires_kin/broadband_285.fits	1	2.79	4	1	0	0	0.5814582624394968	-2.0346218034766244	3.6452661797350325	0.07731966784108088	0.003261676488907768	2.1208	0.32306659710824187
120	q0.5_fg0.3_allrx10_sunruns/hires_kin/broadband_295.fits	1	3.62	4	1	0	0	0.5696468912455687	-2.413813392399242	4.291461954432183	0.018284463823875895	-0.0009310503551167949	3.5172	0.11454867678827141
121	q0.5_fg0.3_allrx10_sunruns/hires_kin/broadband_305.fits	1	4.6	4	1	0	0	0.5733705187343547	-2.430859119243389	4.351016635109144	-0.007441758359143419	-0.012634654701940378	3.5841	0.09682714856304667
122	q0.5_fg0.3_allrx10_sunruns/hires_kin/broadband_311.fits	1	5.18	4	1	0	0	0.5758849484331099	-2.469417715465571	4.358313136898459	-0.01643992351242031	-0.022903605089815586	3.7843	0.09709402622991448
123	q0.5_fg0.3_allrx10_sunruns/hires_kin/broadband_315.fits	1	5.57	4	1	0	0	0.5691767159016933	-2.447692086159495	4.413655196418662	0.017075976663583438	0.0002553750432673509	3.7017	0.14497430455115226
124	q0.5_fg0.3_allrx10_sunruns/hires_kin/broadband_320.fits	1	6.06	4	1	0	0	0.5625044718075648	-2.4420625323155076	4.322583956004348	-0.05596535277189101	-0.0273274164069005	3.6496	0.0953391351629805
125	q0.5_fg0.3_allrx10_sunruns/hires_kin_early_cen1/broadband_005.fits	1	0.05	4	1	0	0	0.5095176268741992	-1.8016963126262941	2.7705002959192724	-0.032460682685466855	-0.01534634633667006	0.9254	0.05266594340318838
126	q0.5_fg0.3_allrx10_sunruns/hires_kin_early_cen1/broadband_010.fits	1	0.1	4	1	0	0	0.5099036554449647	-1.7537120290176618	2.686856140986336	-0.04111081671157374	0.003463426288766469	0.8517	0.04314741735036855
127	q0.5_fg0.3_allrx10_sunruns/hires_kin_early_cen1/broadband_020.fits	1	0.2	4	1	0	0	0.48099172020621656	-1.772599357915058	2.6674756685618872	0.006286231586384598	0.004061300372910558	0.9191	0.05749838498323949
128	q0.5_fg0.3_allrx10_sunruns/hires_kin_early_cen1/broadband_030.fits	1	0.29	4	1	0	0	0.5208638608145151	-1.7663399666034139	2.7090870889718293	-0.005670145923589968	0.008769133665016362	0.8402	0.07652422891729446
129	q0.5_fg0.3_allrx10_sunruns/hires_kin_early_cen1/broadband_040.fits	1	0.39	4	2	10.344636350960412	3.636469923823622	0.5599357012954915	-1.1162645077960685	3.218555288557821	0.3134146671238093	0.028154988199333444	0.8415	0.48254072418757604
130	q0.5_fg0.3_allrx10_sunruns/hires_kin_early_cen1/broadband_080.fits	1	0.78	4	1	0	0	0.6765776132140292	-2.3507037715742074	5.046330932024743	0.19598024806888414	0.010017121402774474	3.4871	0.3441590484751643
131	q0.5_fg0.3_allrx10_sunruns/hires_kin_early_cen1/broadband_100.fits	1	0.98	4	1	0	0	0.6380384781512001	-2.536617946335772	4.577800899599392	0.10607912881401867	0.003348029503842713	3.9768	0.24726988057652877
132	q0.5_fg0.3_allrx10_sunruns/hires_kin_early_cen1/broadband_140.fits	1	1.37	4	1	0	0	0.5844417693542405	-2.4261924948401825	4.923550871862205	0.12467156082655328	0.003119672025381012	3.9098	0.30909619142353245
133	q0.5_fg0.3_allrx10_sunruns/hires_kin_early_cen1/broadband_160.fits	1	1.56	4	1	0	0	0.6006992870192204	-2.221286848786731	5.046315200405011	0.10837556196010013	0.00013106769501037568	4.4224	0.37020729474279407
134	q0.5_fg0.3_allrx10_sunruns/hires_kin/broadband_170.fits	1	1.66	5	1	0	0	0.5732845705691062	-2.2319318333788107	3.8026804998518	0.015157219436432584	0.003137954006404471	2.0758	0.15582240147188658
135	q0.5_fg0.3_allrx10_sunruns/hires_kin/broadband_180.fits	1	1.76	5	2	8.10870197589535	1.5997053601383167	0.5882609412435235	-0.7667506557674048	1.7085126157990258	0.3972795383588407	0.09088756928408091	1.8147	0.6732551052490484
136	q0.5_fg0.3_allrx10_sunruns/hires_kin/broadband_185.fits	1	1.81	5	2	7.091914182911266	0.8068633703638198	0.5167677819142193	-0.851557752154599	1.6313389806999479	0.40018247438702814	0.04842017824712568	0.8642	0.5077175698108223
137	q0.5_fg0.3_allrx10_sunruns/hires_kin/broadband_205.fits	1	2.0	5	2	8.371560964293884	3.67519172498404	0.5740678390925121	-0.6632477496149217	1.8569850032125683	0.49024629944774756	0.03372139654722699	1.1367	0.6215976397084927
138	q0.5_fg0.3_allrx10_sunruns/hires_kin/broadband_210.fits	1	2.05	5	2	1.469733257072335	5.282992571269111	0.5850065907358966	-1.7909717370434082	3.506272095860758	0.07054494279019126	-0.008655750762038703	1.7526	0.22518927258937846
139	q0.5_fg0.3_allrx10_sunruns/hires_kin/broadband_220.fits	1	2.15	5	1	0	0	0.6071091663090331	-1.9725733800453409	3.8159021252996643	0.13217588010265444	-0.001481367402693367	1.7923	0.4170128750789522
140	q0.5_fg0.3_allrx10_sunruns/hires_kin/broadband_225.fits	1	2.2	5	1	0	0	0.5544989035244956	-1.9965288231084826	3.671642997478904	0.11871372306779239	0.0026058078876799785	1.9617	0.29855298803879887
141	q0.5_fg0.3_allrx10_sunruns/hires_kin/broadband_230.fits	1	2.25	5	1	0	0	0.569159855065122	-2.0550061435870837	3.7526897476474734	0.1584411551364201	0.006218189177399904	2.0337	0.40380251171807346
142	q0.5_fg0.3_allrx10_sunruns/hires_kin/broadband_260.fits	1	2.54	5	1	0	0	0.5799842140790553	-2.260683801336219	4.020980657090594	0.09145094173620746	0.0009509747221633164	2.6934	0.21216020199670024
143	q0.5_fg0.3_allrx10_sunruns/hires_kin/broadband_265.fits	1	2.59	5	1	0	0	0.5940289558179803	-2.2796416140662914	4.344603252668822	0.08496750055114666	0.0062589467678446425	3.0217	0.2843442304385004
144	q0.5_fg0.3_allrx10_sunruns/hires_kin/broadband_275.fits	1	2.69	5	1	0	0	0.6109213844038288	-2.339313749131964	4.506805463924419	0.08458725005373446	-0.0013688863525670222	3.1618	0.14644136819348944
145	q0.5_fg0.3_allrx10_sunruns/hires_kin/broadband_295.fits	1	3.62	5	1	0	0	0.5816946758038549	-2.1665269731332497	3.6981329549382376	-0.04092168828889937	-0.010752452604955304	2.0111	0.08883171228247409
146	q0.5_fg0.3_allrx10_sunruns/hires_kin/broadband_305.fits	1	4.6	5	1	0	0	0.5903800233306549	-2.381231454550217	4.4497041235201324	0.03694252877357286	-0.007385735090611218	2.9792	0.14218521057362496
147	q0.5_fg0.3_allrx10_sunruns/hires_kin/broadband_311.fits	1	5.18	5	1	0	0	0.5958342581973817	-2.452188563589432	4.342899257572615	-0.004439561611441102	-0.0009911085243028343	2.9391	0.07799832270093751
148	q0.5_fg0.3_allrx10_sunruns/hires_kin/broadband_315.fits	1	5.57	5	1	0	0	0.6027966493965828	-2.3197312633766636	3.8683179632620517	-0.0412542346007803	-0.003910225562805221	2.4507	0.13413177539985113
149	q0.5_fg0.3_allrx10_sunruns/hires_kin/broadband_320.fits	1	6.06	5	1	0	0	0.610660153160435	-2.4632456461861194	4.383165549248686	-0.014186143780337829	-0.001486786986652743	2.9851	0.083235353646763
150	q0.5_fg0.3_allrx10_sunruns/hires_kin_early_cen1/broadband_005.fits	1	0.05	5	1	0	0	0.4848356873480177	-1.7594392930153744	2.762998175507611	-0.05259092546042028	-0.0007860507064432581	0.893	0.07069262462640431
151	q0.5_fg0.3_allrx10_sunruns/hires_kin_early_cen1/broadband_010.fits	1	0.1	5	1	0	0	0.499834732526188	-1.730201884310485	2.6607244372666585	-0.050425032788194275	-0.0011483533502184306	0.8011	0.08209390188256778
152	q0.5_fg0.3_allrx10_sunruns/hires_kin_early_cen1/broadband_020.fits	1	0.2	5	1	0	0	0.4696688979695258	-1.7453235654989339	2.6627100020548546	-0.02286790581885971	0.0020823028992079024	0.8584	0.046916589190462696
153	q0.5_fg0.3_allrx10_sunruns/hires_kin_early_cen1/broadband_030.fits	1	0.29	5	1	0	0	0.5060043231705981	-1.71047366944934	2.6782066340877098	-0.009878676361004814	0.00740230919136074	0.8217	0.06557248913504289
154	q0.5_fg0.3_allrx10_sunruns/hires_kin_early_cen1/broadband_040.fits	1	0.39	5	2	7.927312228022547	2.700225286888239	0.49263597245171065	-1.0846868072526032	1.785864228588957	0.6545736705654521	0.03115836308650792	0.7871	0.7461830460243227
155	q0.5_fg0.3_allrx10_sunruns/hires_kin_early_cen1/broadband_060.fits	1	0.59	5	1	0	0	0.714577387337584	-1.7445251855744786	2.9705070155408637	0.22476264393838583	0.02246575585444649	1.2197	0.3634349287290732
156	q0.5_fg0.3_allrx10_sunruns/hires_kin_early_cen1/broadband_080.fits	1	0.78	5	1	0	0	0.5920721116738105	-2.178977411251634	4.314734660584983	0.15225638276010264	0.017648563284696325	2.7002	0.336309916898466
157	q0.5_fg0.3_allrx10_sunruns/hires_kin_early_cen1/broadband_100.fits	1	0.98	5	2	7.538142908365735	39.326020384966945	0.6028870823367161	-2.2681394071405467	3.91181785705062	0.08434805145327096	0.0030906186804178708	2.6361	0.25976048139548413
158	q0.5_fg0.3_allrx10_sunruns/hires_kin_early_cen1/broadband_120.fits	1	1.17	5	1	0	0	0.5473158087136083	-2.354127825844185	4.16066295388663	0.08134852170517964	0.003933890472667138	2.8381	0.3466914612620859
159	q0.5_fg0.3_allrx10_sunruns/hires_kin_early_cen1/broadband_140.fits	1	1.37	5	1	0	0	0.6335416066429789	-2.3287591393659848	3.99777853071516	0.07925480753613606	0.006040994169891883	2.6709	0.3201210028032719
160	q0.5_fg0.3_allrx10_sunruns/hires_kin_early_cen1/broadband_160.fits	1	1.56	5	1	0	0	0.5913558503543168	-2.1605921724342503	3.7580978442611586	0.10358403092523118	0.011518223801123977	2.3043	0.13306106132405573
161	q0.5_fg0.3_allrx10_sunruns/hires_kin/broadband_180.fits	1	1.76	6	2	4.202991412507427	1.7741894808901666	0.5829228092561551	-1.1395888079051535	2.155269910582334	0.5219136375869817	0.07151112228718239	1.6069	0.6980142721341261
162	q0.5_fg0.3_allrx10_sunruns/hires_kin/broadband_185.fits	1	1.81	6	2	3.7775012487680923	1.1883927673774426	0.5767720912373546	-1.2005688409968707	2.4777986246754584	0.5703052970036621	0.02912432823070761	1.0073	0.8052332241527115
163	q0.5_fg0.3_allrx10_sunruns/hires_kin/broadband_190.fits	1	1.86	6	2	6.496525330598755	2.802592787424111	0.5832156379987634	-1.014093153667776	3.0323661472578465	0.5067881781518517	0.007439790289740022	2.1292	0.7299421618770855
164	q0.5_fg0.3_allrx10_sunruns/hires_kin/broadband_205.fits	1	2.0	6	2	5.290198881894716	2.493216543792587	0.5849371926013975	-0.7433524298434812	1.7166997939891813	0.6558725475190255	0.09212731773081333	1.1604	0.6909279675365897
165	q0.5_fg0.3_allrx10_sunruns/hires_kin/broadband_210.fits	1	2.05	6	1	0	0	0.5639170780216273	-1.4394103756755126	2.9885852534297412	0.22357659412682435	0.016825163225193326	0.9588	0.3758215883478544
166	q0.5_fg0.3_allrx10_sunruns/hires_kin/broadband_220.fits	1	2.15	6	1	0	0	0.6128722749648918	-2.175814871345245	4.868865424472347	0.20468264619685933	-0.0035736361212161077	3.2899	0.6396148140763561
167	q0.5_fg0.3_allrx10_sunruns/hires_kin/broadband_225.fits	1	2.2	6	1	0	0	0.616728809537898	-2.0398815519715288	4.797230342433847	0.18388289638925262	-0.0008977442463169076	3.5632	0.44289443165271064
168	q0.5_fg0.3_allrx10_sunruns/hires_kin/broadband_230.fits	1	2.25	6	1	0	0	0.611598220455875	-1.7606545704199652	4.720976061626669	0.19542564389482592	-0.004559807183659691	3.7711	0.47048521324978393
169	q0.5_fg0.3_allrx10_sunruns/hires_kin/broadband_240.fits	1	2.35	6	1	0	0	0.6171732486671766	-2.465580490861428	4.663645254354813	0.1129171071951357	0.006431883040643099	3.2481	0.3179274272717426
170	q0.5_fg0.3_allrx10_sunruns/hires_kin/broadband_260.fits	1	2.54	6	1	0	0	0.562136033025409	-2.099483892925055	3.6164944725803965	0.017162340581819636	-0.004614066456012946	1.691	0.19138071007841032
171	q0.5_fg0.3_allrx10_sunruns/hires_kin/broadband_265.fits	1	2.59	6	1	0	0	0.5831953230064609	-2.0936608418166403	3.5305080363806134	0.02496854283110236	-0.0005600564029682682	1.9343	0.22578467401841187
172	q0.5_fg0.3_allrx10_sunruns/hires_kin/broadband_275.fits	1	2.69	6	1	0	0	0.5533425439338998	-2.028697288134611	3.5346592028003148	-0.054511278323057744	-0.020644030966116236	1.4774	0.16112220147711842
173	q0.5_fg0.3_allrx10_sunruns/hires_kin/broadband_285.fits	1	2.79	6	1	0	0	0.5633649814109852	-2.1352051725728325	3.6132413886289454	-0.043070538828660763	-0.005063782102442983	1.8436	0.16931526208923015
174	q0.5_fg0.3_allrx10_sunruns/hires_kin/broadband_305.fits	1	4.6	6	1	0	0	0.5752554208276075	-2.1584953433202645	3.7081372839736764	-0.04587441829344406	-0.019272090773816062	2.2666	0.1054939790352689
175	q0.5_fg0.3_allrx10_sunruns/hires_kin/broadband_320.fits	1	6.06	6	1	0	0	0.5727138867727888	-2.2417866986781463	3.8140218518129982	-0.05964241964413358	-0.023509199050478113	2.3011	0.12407657502025299
176	q0.5_fg0.3_allrx10_sunruns/hires_kin_early_cen1/broadband_005.fits	1	0.05	6	1	0	0	0.5910649739131693	-1.623085837656183	3.318097685559551	-0.003632916280314802	0.05069860895406555	0.5592	0.07150965419111922
177	q0.5_fg0.3_allrx10_sunruns/hires_kin_early_cen1/broadband_010.fits	1	0.1	6	1	0	0	0.5917667961765681	-1.5426773538280683	3.3187107720878557	0.02531448215338551	0.0834770332203546	0.5533	0.07402138606799756
178	q0.5_fg0.3_allrx10_sunruns/hires_kin_early_cen1/broadband_020.fits	1	0.2	6	1	0	0	0.5754537566585399	-1.5475186313620772	3.2164846991166907	-0.015377626512812116	0.05592613324222814	0.5151	0.07593217182141455
179	q0.5_fg0.3_allrx10_sunruns/hires_kin_early_cen1/broadband_040.fits	1	0.39	6	1	0	0	0.4020632505325307	-1.5140570905681257	2.262624139590611	-0.13296547237891132	-0.04892686209179689	0.8667	0.22750853412349037
180	q0.5_fg0.3_allrx10_sunruns/hires_kin_early_cen1/broadband_060.fits	1	0.59	6	1	0	0	0.6197522327681408	-1.8280229224888884	3.8720968089548586	0.2695655938291522	0.06497209365013125	1.1088	0.750118304507963
181	q0.5_fg0.3_allrx10_sunruns/hires_kin_early_cen1/broadband_080.fits	1	0.78	6	2	8.146928886686228	18.937384627677087	0.6369840713138835	-2.078490370671361	3.3954781898651825	0.1523607160342905	0.024067460600487738	1.49	0.26253069236231824
182	q0.5_fg0.3_allrx10_sunruns/hires_kin_early_cen1/broadband_120.fits	1	1.17	6	1	0	0	0.6019166352600014	-2.0667008539313017	4.087937839269039	0.03840014614432549	0.017315675547239257	1.8987	0.2418446447463269
183	q0.5_fg0.3_allrx10_sunruns/hires_kin_early_cen1/broadband_140.fits	1	1.37	6	1	0	0	0.6189004450199417	-2.043912979313467	3.599215863251684	0.06415666145843363	0.016831909340016445	1.5807	0.2587334082238114
184	q0.5_fg0.3_allrx10_sunruns/hires_kin_early_cen1/broadband_160.fits	1	1.56	6	1	0	0	0.5838777470112534	-2.1427207690252157	3.894049249646592	0.019163016297876128	0.018165813580412575	1.7538	0.20137795217048585