Counter	Image	class label	Myr	Viewpoint	Delta PA	v_asym	s_asym	resids	lambda_r	epsilon	A	A_2	deltapos	deltapos2	nspax	re	meanvel	varvel	skewvel	kurtvel	meansig	varsig	skewsig	kurtsig	abskewvel	abskewsig	random
4	fg1_m13_iso1_rotated	0	0.05	4	68.96	0.11	0.05	6.02	0.27	0.03	13.87	17.3	0.0	0.48	764	14.18	-5.8	18.51	-0.03	-0.89	56.47	12.18	-0.15	0.8	0.03	0.15	-1.18
5	fg1_m13_iso1_rotated	0	0.05	5	74.33	0.09	0.04	5.78	0.26	0.03	15.36	20.25	0.3	0.77	764	13.79	-1.65	18.5	-0.05	-0.86	56.88	12.73	-0.78	1.88	0.05	0.78	-0.11
6	fg1_m13_iso1_rotated	0	0.05	6	80.65	0.08	0.03	4.86	0.25	0.01	12.9	17.68	0.0	0.21	764	13.78	-3.17	17.89	-0.02	-0.93	57.19	11.94	-0.38	1.01	0.02	0.38	-1.16
10	fg1_m13_iso1_rotated	0	0.1	4	82.37	0.08	0.04	5.67	0.27	0.05	8.24	10.54	0.3	0.48	764	14.35	-4.24	18.85	-0.02	-0.96	57.88	11.91	-0.28	1.62	0.02	0.28	-0.27
11	fg1_m13_iso1_rotated	0	0.1	5	74.5	0.09	0.03	5.44	0.25	0.05	19.96	32.05	0.3	0.77	764	14.35	-3.1	18.18	-0.18	-0.89	57.66	11.89	-0.46	0.96	0.18	0.46	1.53
12	fg1_m13_iso1_rotated	0	0.1	6	80.91	0.07	0.04	5.32	0.28	0.07	12.63	17.22	0.3	0.21	1256	14.75	-5.22	20.89	0.08	-1.03	53.25	12.87	-0.06	-0.02	0.08	0.06	-1.95
16	fg1_m13_iso1_rotated	0	0.2	4	54.42	0.12	0.05	5.58	0.26	0.06	23.03	19.18	0.43	0.48	764	14.33	-1.26	18.58	-0.17	-0.78	55.8	12.74	-0.46	0.85	0.17	0.46	-0.64
17	fg1_m13_iso1_rotated	0	0.2	5	79.0	0.07	0.04	5.21	0.27	0.05	21.27	18.62	0.0	0.77	764	14.05	-3.02	18.83	-0.03	-1.01	56.58	11.91	-0.17	0.61	0.03	0.17	0.72
18	fg1_m13_iso1_rotated	0	0.2	6	84.06	0.12	0.04	7.09	0.27	0.03	14.18	9.05	0.3	1.3	764	14.07	-7.59	18.12	0.05	-0.91	56.47	12.33	-0.28	0.96	0.05	0.28	0.06
23	fg1_m13_iso1_rotated	0	0.29	4	59.44	0.1	0.03	5.23	0.25	0.02	31.74	46.13	0.43	0.64	764	13.85	-4.91	17.91	-0.0	-0.86	57.77	12.25	-0.47	2.23	0.0	0.47	1.45
24	fg1_m13_iso1_rotated	0	0.29	5	74.94	0.08	0.04	6.19	0.27	0.04	16.41	21.32	0.43	0.48	764	14.29	-3.89	18.6	-0.02	-0.85	56.69	11.02	-0.23	1.09	0.02	0.23	1.34
25	fg1_m13_iso1_rotated	0	0.29	6	86.71	0.07	0.04	4.73	0.25	0.01	21.42	34.12	0.3	0.77	764	13.75	-4.54	17.77	0.01	-0.88	57.0	11.56	-0.42	1.82	0.01	0.42	-0.43
30	fg1_m13_iso1_rotated	0	0.39	4	51.43	0.1	0.05	6.04	0.25	0.04	15.44	16.83	0.3	0.48	764	14.2	-1.67	17.68	-0.13	-0.98	56.58	11.89	-0.25	1.79	0.13	0.25	-0.14
31	fg1_m13_iso1_rotated	0	0.39	5	73.24	0.06	0.05	4.81	0.27	0.08	8.5	13.85	0.43	0.48	764	14.28	-4.86	18.17	0.1	-0.95	57.24	10.9	-0.21	0.88	0.1	0.21	0.4
32	fg1_m13_iso1_rotated	0	0.39	6	76.1	0.1	0.05	5.62	0.27	0.05	33.06	43.47	0.0	0.77	764	14.12	-2.24	18.98	-0.21	-0.96	56.84	11.01	-0.51	2.22	0.21	0.51	0.41
37	fg1_m13_iso1_rotated	0	0.49	4	18.52	0.22	0.06	6.58	0.27	0.06	18.44	22.15	0.3	0.21	764	14.05	-5.71	18.35	0.1	-0.96	55.7	11.93	-0.23	0.98	0.1	0.23	1.12
38	fg1_m13_iso1_rotated	0	0.49	5	77.4	0.09	0.04	5.27	0.27	0.05	22.95	34.47	0.3	0.64	764	14.06	-6.32	18.34	-0.07	-0.99	56.04	10.27	-0.01	1.09	0.07	0.01	0.35
39	fg1_m13_iso1_rotated	0	0.49	6	21.06	0.26	0.04	5.21	0.28	0.04	21.76	30.6	0.43	0.48	764	13.94	-9.85	18.07	0.12	-0.86	55.64	10.54	-0.06	1.61	0.12	0.06	0.09
44	fg1_m13_iso1_rotated	0	0.59	4	8.58	0.47	0.06	6.08	0.25	0.1	32.57	28.8	0.3	0.88	764	13.4	-5.46	17.81	-0.08	-0.97	56.55	10.78	-0.19	1.4	0.08	0.19	-0.11
45	fg1_m13_iso1_rotated	0	0.59	5	58.18	0.08	0.05	5.65	0.25	0.08	16.07	16.83	0.86	0.88	764	13.58	-3.48	18.44	0.04	-1.03	56.23	10.47	-0.51	1.91	0.04	0.51	0.29
46	fg1_m13_iso1_rotated	0	0.59	6	83.16	0.08	0.04	5.28	0.3	0.07	6.19	9.75	0.68	0.88	764	13.89	-5.25	18.87	-0.0	-0.95	55.43	11.06	-0.05	0.68	0.0	0.05	0.03
50	fg1_m13_iso1_rotated	0	1.96	4	61.37	0.07	0.05	5.72	0.24	0.71	3.99	9.96	0.68	0.48	1238	18.94	-6.89	19.62	0.1	-1.17	55.46	9.21	-0.04	0.93	0.1	0.04	0.77
51	fg1_m13_iso1_rotated	0	1.96	5	69.23	0.08	0.04	3.8	0.26	0.63	10.58	10.61	0.43	0.48	1242	18.11	-4.52	19.2	-0.12	-1.27	55.34	8.55	0.4	0.36	0.12	0.4	-0.28
52	fg1_m13_iso1_rotated	0	1.96	6	78.54	0.09	0.04	3.73	0.25	0.74	17.68	25.73	0.43	0.21	987	17.97	-4.96	18.31	0.0	-0.94	56.81	8.54	0.6	0.22	0.0	0.6	-0.37
4	fg1_m13_iso0.333_rotated	0	0.05	4	76.17	0.1	0.07	4.71	0.3	0.03	37.4	22.94	0.3	0.21	368	10.62	-0.81	12.99	-0.03	-0.89	34.35	13.25	-0.67	0.91	0.03	0.67	0.21
5	fg1_m13_iso0.333_rotated	0	0.05	5	23.88	0.37	0.09	3.9	0.29	0.03	48.54	28.22	0.0	0.48	368	10.83	-6.67	11.88	0.1	-0.79	35.46	14.1	-0.5	0.13	0.1	0.5	2.23
6	fg1_m13_iso0.333_rotated	0	0.05	6	15.12	0.38	0.05	6.08	0.32	0.04	22.46	24.08	0.0	0.77	368	10.95	-3.1	12.92	-0.14	-0.9	33.67	12.17	-0.18	0.03	0.14	0.18	0.18
11	fg1_m13_iso0.333_rotated	0	0.1	4	32.86	0.15	0.08	5.34	0.29	0.03	28.51	26.07	0.0	0.21	368	10.94	-2.09	12.46	0.04	-0.92	37.08	12.98	-0.56	0.62	0.04	0.56	1.1
12	fg1_m13_iso0.333_rotated	0	0.1	5	64.28	0.09	0.07	4.5	0.29	-0.06	33.53	46.1	0.3	0.77	764	11.4	-2.86	14.61	-0.14	-1.15	33.68	9.39	-0.15	2.23	0.14	0.15	1.21
13	fg1_m13_iso0.333_rotated	0	0.1	6	76.94	0.09	0.09	4.56	0.3	-0.03	48.95	35.0	0.3	0.48	368	10.91	-2.01	13.16	-0.07	-0.95	36.03	12.91	-0.34	0.33	0.07	0.34	0.82
18	fg1_m13_iso0.333_rotated	0	0.29	4	83.46	0.08	0.07	3.4	0.39	0.91	11.55	31.19	0.96	1.68	1028	73.64	-4.28	14.96	0.02	-1.28	31.77	8.73	0.98	2.74	0.02	0.98	-1.01
19	fg1_m13_iso0.333_rotated	0	0.29	5	78.16	0.15	0.09	4.9	0.3	-0.1	21.53	18.97	0.68	0.21	368	10.68	-5.9	11.26	-0.02	-0.94	36.05	9.7	-0.22	0.55	0.02	0.22	-1.17
20	fg1_m13_iso0.333_rotated	0	0.29	6	80.29	0.12	0.07	4.02	0.35	0.94	12.82	47.22	0.0	1.07	1034	244.54	-3.73	14.94	-0.08	-1.36	31.95	9.47	-0.04	1.02	0.08	0.04	1.25
25	fg1_m13_iso0.333_rotated	0	0.49	4	80.56	0.08	0.09	3.21	0.31	0.05	9.99	20.31	0.68	0.21	762	11.43	-5.18	13.88	-0.1	-1.21	32.77	8.68	0.25	2.69	0.1	0.25	0.06
26	fg1_m13_iso0.333_rotated	0	0.49	5	48.06	0.15	0.07	5.2	0.29	-0.02	27.64	35.17	0.3	0.64	758	11.48	-2.74	13.84	-0.03	-1.26	34.25	7.42	-0.13	2.08	0.03	0.13	2.41
27	fg1_m13_iso0.333_rotated	0	0.49	6	66.83	0.14	0.05	3.66	0.3	0.03	12.15	12.44	0.43	0.48	368	11.17	-6.05	12.74	0.05	-1.13	36.67	9.49	-0.65	1.61	0.05	0.65	0.94
32	fg1_m13_iso0.333_rotated	0	0.98	4	73.73	0.18	0.08	4.55	0.34	0.24	17.09	31.41	0.0	0.88	870	24.59	-6.55	12.89	-0.11	-1.29	34.26	6.82	0.84	3.03	0.11	0.84	0.35
33	fg1_m13_iso0.333_rotated	0	0.98	5	77.87	0.1	0.06	3.22	0.34	0.71	21.43	33.72	2.21	1.83	881	60.78	-4.62	13.32	-0.15	-1.25	34.83	7.02	0.25	2.2	0.15	0.25	-0.06
34	fg1_m13_iso0.333_rotated	0	0.98	6	35.75	0.12	0.1	5.66	0.3	0.03	16.05	15.28	0.3	0.88	689	12.62	-6.31	13.9	-0.0	-1.36	35.45	6.67	0.2	2.51	0.0	0.2	-1.48
39	fg1_m13_iso0.333_rotated	0	1.96	4	82.7	0.19	0.05	5.77	0.2	-0.25	43.09	14.65	0.3	0.77	382	12.37	-6.32	9.0	-0.15	-0.12	41.67	8.77	-1.19	4.44	0.15	1.19	0.1
40	fg1_m13_iso0.333_rotated	0	1.96	5	39.73	0.14	0.05	5.06	0.29	0.08	22.54	8.48	0.68	0.48	457	20.57	-6.44	12.98	0.18	-1.42	41.54	7.97	-0.43	4.36	0.18	0.43	-0.49
41	fg1_m13_iso0.333_rotated	0	1.96	6	76.32	0.13	0.09	4.63	0.3	0.05	13.4	7.12	0.0	0.48	463	20.54	-2.6	15.73	-0.27	-1.13	42.64	7.78	-0.28	-0.01	0.27	0.28	0.15
0	fg1_m13	1	0.1	0	47.3	0.03	0.05	6.33	0.56	0.1	2.41	7.93	0.0	0.77	764	14.5	-3.88	49.67	0.0	-1.22	59.99	12.96	-0.1	-0.17	0.0	0.1	0.07
1	fg1_m13	1	0.1	1	69.29	0.03	0.05	8.99	0.86	0.85	3.14	2.5	0.3	0.77	933	21.42	-71.77	115.05	-0.0	-1.45	53.21	13.5	-0.36	0.66	0.0	0.36	1.22
2	fg1_m13	1	0.1	2	58.45	0.04	0.06	10.79	0.87	0.83	1.26	1.61	0.0	0.21	1043	22.11	19.6	114.01	-0.04	-1.39	51.41	13.98	-0.56	0.74	0.04	0.56	-2.97
3	fg1_m13	1	0.1	3	82.49	0.02	0.04	8.69	0.74	0.31	4.67	21.76	0.43	0.77	1256	16.41	51.38	74.84	-0.05	-1.19	53.71	15.4	0.07	0.08	0.05	0.07	0.86
4	fg1_m13	1	0.1	4	56.71	0.02	0.06	6.79	0.73	0.21	1.94	5.42	0.3	0.21	1256	15.36	-60.98	66.86	-0.06	-1.21	54.71	15.68	-0.01	-0.25	0.06	0.01	-0.11
5	fg1_m13	1	0.1	5	53.21	0.02	0.04	10.67	0.76	0.41	0.87	4.71	0.0	0.21	1256	17.04	16.5	82.22	-0.03	-1.13	52.64	15.03	-0.05	-0.21	0.03	0.05	-1.63
6	fg1_m13	1	0.1	6	85.32	0.02	0.04	9.06	0.86	0.84	1.82	6.87	0.0	0.77	862	20.65	43.13	107.8	-0.04	-1.36	53.89	14.23	-0.77	3.24	0.04	0.77	0.81
7	fg1_m13	1	0.39	0	54.37	0.02	0.05	5.46	0.56	0.26	1.19	4.09	0.0	0.48	1256	15.14	-4.08	53.51	0.01	-1.25	56.92	13.78	0.08	0.43	0.01	0.08	0.19
8	fg1_m13	1	0.39	1	65.51	0.03	0.05	10.71	0.85	0.84	3.58	5.23	0.91	0.48	983	21.52	-98.26	119.5	0.03	-1.4	57.91	15.57	-0.69	1.27	0.03	0.69	-1.59
9	fg1_m13	1	0.39	2	62.45	0.02	0.04	13.3	0.8	0.72	4.78	5.42	1.52	0.21	1367	18.63	2.43	110.71	-0.54	-1.12	66.5	24.78	1.84	4.95	0.54	1.84	0.07
10	fg1_m13	1	0.39	3	75.92	0.02	0.06	6.88	0.88	0.29	6.75	12.47	0.3	0.48	1256	15.27	128.04	69.35	-0.07	-1.17	58.58	18.26	0.94	3.32	0.07	0.94	-0.64
11	fg1_m13	1	0.39	4	56.4	0.02	0.05	6.63	0.77	0.14	2.45	9.57	0.0	0.21	764	14.39	-88.56	61.17	0.03	-1.21	65.37	14.38	0.19	0.45	0.03	0.19	-1.76
12	fg1_m13	1	0.39	5	51.58	0.01	0.05	7.26	0.74	0.42	1.76	8.53	0.0	0.48	1254	15.57	-29.8	89.86	-0.02	-1.15	58.59	14.35	0.22	-0.34	0.02	0.22	-1.54
13	fg1_m13	1	0.39	6	84.69	0.03	0.05	7.41	0.85	0.85	3.88	14.14	0.43	0.48	1068	22.45	102.9	111.82	0.0	-1.42	56.77	17.87	1.34	4.89	0.0	1.34	-0.4
14	fg1_m13	1	0.49	0	50.74	0.13	0.07	29.26	0.59	0.47	1.65	2.66	0.3	1.37	1426	18.26	4.1	69.37	0.05	-1.43	59.83	15.15	0.39	-0.31	0.05	0.39	-0.8
15	fg1_m13	1	0.49	1	69.06	0.04	0.08	12.95	0.74	0.65	4.98	5.62	0.3	0.21	740	15.63	-4.11	103.0	-0.13	-1.13	67.08	18.45	-0.28	-0.49	0.13	0.28	-1.22
16	fg1_m13	1	0.49	2	44.4	0.06	0.1	25.08	0.82	0.87	32.05	30.35	0.61	1.07	1117	24.75	-81.19	106.62	-0.04	-1.4	69.51	20.0	0.1	-0.29	0.04	0.1	0.17
17	fg1_m13	1	0.49	3	83.35	0.03	0.09	8.75	0.76	0.58	10.81	33.03	0.43	0.48	1062	16.55	92.56	105.88	0.2	-1.28	71.77	22.63	0.02	-0.42	0.2	0.02	1.13
18	fg1_m13	1	0.49	4	72.07	0.04	0.06	6.58	0.63	0.52	13.46	33.89	0.43	0.21	1488	21.06	-16.05	56.87	-0.0	-1.02	57.98	17.4	0.26	0.21	0.0	0.26	-0.13
19	fg1_m13	1	0.49	5	56.43	0.03	0.07	10.33	0.85	0.65	6.47	14.47	0.96	1.83	1496	23.44	-76.32	86.06	0.02	-1.12	56.25	17.29	0.22	-0.52	0.02	0.22	-0.08
20	fg1_m13	1	0.49	6	64.99	0.04	0.07	18.87	0.77	0.83	7.42	11.86	0.43	0.21	703	17.76	79.16	125.81	-0.04	-1.28	87.24	22.26	-0.11	-0.54	0.04	0.11	-2.08
21	fg1_m13	1	0.59	0	42.59	0.23	0.12	13.82	0.41	0.36	36.06	60.71	0.68	1.68	1160	18.87	10.3	47.6	-0.24	-1.24	64.25	19.54	0.55	-0.39	0.24	0.55	1.1
22	fg1_m13	1	0.59	1	74.33	0.05	0.07	14.94	0.66	0.82	14.01	15.64	0.43	0.48	800	19.03	-23.01	98.93	0.04	-1.43	87.99	22.45	0.44	-0.31	0.04	0.44	-0.14
23	fg1_m13	1	0.59	2	72.73	0.05	0.06	17.69	0.57	0.46	16.98	19.76	0.68	0.88	673	12.08	-12.45	84.58	0.08	-0.92	91.04	21.22	-0.49	0.16	0.08	0.49	-1.01
24	fg1_m13	1	0.59	3	54.07	0.05	0.06	10.23	0.72	0.52	3.1	7.96	0.96	0.48	1664	22.68	50.43	85.46	-0.1	-1.16	72.17	18.87	0.02	-0.77	0.1	0.02	-0.02
25	fg1_m13	1	0.59	4	54.43	0.1	0.1	15.12	0.41	0.25	19.1	35.86	1.09	2.11	993	17.34	-7.19	61.82	-0.33	-1.15	67.12	25.1	0.59	-0.51	0.33	0.59	-0.19
26	fg1_m13	1	0.59	5	53.06	0.07	0.06	28.28	0.52	0.38	16.71	16.47	0.43	1.3	368	10.96	-72.84	83.33	0.3	-0.72	108.3	25.19	-0.59	-0.48	0.3	0.59	2.01
27	fg1_m13	1	0.59	6	83.89	0.03	0.04	8.39	0.74	0.6	2.55	4.43	1.36	0.48	1347	23.18	34.48	95.08	-0.16	-0.84	71.21	18.94	0.17	-0.86	0.16	0.17	-0.24
28	fg1_m13	1	0.68	0	49.86	0.06	0.05	9.03	0.42	0.19	25.02	23.98	0.3	0.77	744	13.31	-8.82	49.19	0.15	-1.0	73.35	14.61	-0.33	0.12	0.15	0.33	0.47
29	fg1_m13	1	0.68	1	82.09	0.05	0.03	8.45	0.65	0.79	7.64	15.88	0.61	0.88	538	14.64	-23.41	76.01	-0.02	-1.21	86.02	11.09	-0.05	-0.4	0.02	0.05	-1.91
30	fg1_m13	1	0.68	2	53.52	0.05	0.05	11.54	0.63	0.6	8.46	13.67	0.3	0.77	1214	18.07	-37.28	102.56	0.1	-1.33	79.7	21.52	0.71	1.08	0.1	0.71	0.55
31	fg1_m13	1	0.68	4	67.44	0.06	0.07	10.12	0.48	0.23	10.63	15.74	0.61	0.21	1225	16.38	-6.67	48.37	-0.07	-1.08	66.07	12.33	0.63	0.38	0.07	0.63	1.13
32	fg1_m13	1	0.68	5	53.64	0.06	0.06	14.45	0.61	0.49	9.87	11.27	0.68	0.88	1162	16.89	-28.05	76.96	0.17	-0.88	81.14	14.92	0.05	0.59	0.17	0.05	0.47
33	fg1_m13	1	0.68	6	76.5	0.05	0.05	13.14	0.58	0.78	15.44	23.49	0.68	0.21	741	15.24	32.13	97.81	-0.16	-1.44	85.61	26.0	0.07	-0.46	0.16	0.07	-0.27
34	fg1_m13	1	0.88	0	64.07	0.05	0.06	5.14	0.16	0.38	25.44	17.49	0.3	0.21	368	7.4	1.08	30.15	-0.05	-1.11	87.23	18.78	0.83	0.2	0.05	0.83	1.75
35	fg1_m13	1	0.88	1	77.34	0.03	0.06	8.4	0.63	0.69	13.92	10.26	0.0	0.48	879	16.48	2.8	83.08	-0.08	-1.09	75.39	18.69	0.58	0.42	0.08	0.58	0.36
36	fg1_m13	1	0.88	2	53.92	0.03	0.04	17.48	0.41	0.67	3.4	5.91	0.3	0.21	368	9.69	-31.37	66.62	0.07	-0.92	101.9	19.02	0.23	-0.46	0.07	0.23	0.04
37	fg1_m13	1	0.88	3	66.2	0.03	0.04	10.49	0.3	0.19	4.03	4.09	0.3	0.48	368	9.15	13.55	57.04	0.16	-0.86	97.32	18.11	0.57	-0.25	0.16	0.57	-2.25
38	fg1_m13	1	0.88	4	55.8	0.04	0.04	5.89	0.17	0.33	3.68	4.18	0.3	0.48	368	8.23	-2.92	32.02	-0.03	-1.0	88.31	18.47	0.44	-0.6	0.03	0.44	1.27
39	fg1_m13	1	0.88	5	62.34	0.03	0.04	14.25	0.39	0.61	3.14	3.68	0.3	0.48	368	10.4	-34.82	59.04	-0.01	-0.94	101.25	19.46	0.29	-0.36	0.01	0.29	-1.85
40	fg1_m13	1	0.88	6	80.65	0.02	0.04	9.7	0.51	0.69	5.76	6.24	0.43	0.48	603	12.49	11.36	74.02	-0.01	-1.01	88.78	15.18	0.63	0.27	0.01	0.63	0.9
41	fg1_m13	1	1.17	0	63.47	0.05	0.05	6.97	0.15	0.23	6.41	5.98	0.0	0.48	368	6.89	-0.96	37.65	-0.05	-1.01	94.67	17.93	0.45	-0.45	0.05	0.45	1.96
42	fg1_m13	1	1.17	2	49.92	0.03	0.04	6.09	0.47	0.67	12.71	23.95	0.3	0.48	688	11.73	-7.92	72.84	-0.11	-1.02	88.25	18.15	0.95	0.62	0.11	0.95	1.4
43	fg1_m13	1	1.17	3	71.41	0.04	0.05	9.71	0.28	0.21	3.97	5.47	0.3	0.48	368	8.66	-4.09	57.03	-0.05	-0.92	101.94	18.78	0.61	-0.26	0.05	0.61	0.18
44	fg1_m13	1	1.17	4	72.04	0.04	0.04	5.18	0.16	0.39	15.21	11.19	0.61	0.48	368	7.72	-6.18	27.09	-0.14	-1.19	90.69	17.43	0.62	-0.47	0.14	0.62	-0.61
45	fg1_m13	1	1.17	6	74.97	0.02	0.04	5.1	0.51	0.72	7.74	7.96	0.3	0.48	627	12.38	-1.11	77.14	0.01	-1.06	88.77	20.31	0.58	-0.17	0.01	0.58	1.51
46	fg1_m13	1	1.27	0	80.23	0.05	0.05	7.67	0.19	0.25	12.49	15.86	0.0	0.48	368	8.13	-1.97	38.7	-0.11	-1.16	95.87	17.75	0.79	-0.15	0.11	0.79	-0.19
47	fg1_m13	1	1.27	1	76.84	0.03	0.05	10.59	0.49	0.64	16.35	15.9	0.0	0.21	620	12.23	1.12	82.19	-0.05	-1.09	93.11	21.68	0.6	-0.36	0.05	0.6	-0.61
48	fg1_m13	1	1.27	3	65.33	0.03	0.03	8.0	0.34	0.59	1.29	1.68	0.43	0.64	368	11.26	-8.59	46.16	-0.04	-1.11	95.31	19.32	0.79	-0.19	0.04	0.79	-0.05
49	fg1_m13	1	1.27	4	65.06	0.05	0.06	7.05	0.15	0.19	12.11	11.49	0.0	0.48	368	7.41	-3.4	36.21	-0.13	-0.95	96.75	14.38	0.54	-0.63	0.13	0.54	0.22
50	fg1_m13	1	1.27	5	47.94	0.04	0.04	18.53	0.37	0.43	8.86	13.45	0.3	0.48	368	9.31	-5.18	65.68	0.04	-0.86	104.94	20.59	0.22	-0.75	0.04	0.22	3.12
51	fg1_m13	1	1.27	6	67.91	0.03	0.04	9.19	0.64	0.81	3.37	2.42	0.0	0.48	717	17.06	-10.42	87.02	-0.0	-1.33	83.05	16.66	0.99	0.97	0.0	0.99	0.05
52	fg1_m13	1	1.37	0	59.02	0.07	0.06	5.52	0.15	0.54	4.48	3.74	0.43	0.21	368	6.61	-5.04	31.22	0.18	-1.06	95.1	17.87	0.61	-0.48	0.18	0.61	0.77
53	fg1_m13	1	1.37	2	46.09	0.03	0.04	15.84	0.38	0.53	2.79	4.84	0.0	0.21	367	9.59	-10.26	63.11	0.09	-0.96	106.04	21.16	0.33	-0.32	0.09	0.33	0.93
54	fg1_m13	1	1.37	3	55.02	0.04	0.04	8.99	0.28	0.11	10.22	16.15	0.0	0.21	368	7.78	-1.14	63.23	-0.11	-1.13	107.95	18.7	0.51	-0.6	0.11	0.51	1.52
55	fg1_m13	1	1.37	4	64.56	0.05	0.03	5.15	0.14	0.41	14.85	13.78	0.0	0.48	368	7.03	-5.73	25.82	-0.05	-1.14	91.3	14.56	0.3	-0.68	0.05	0.3	-1.04
56	fg1_m13	1	1.37	6	76.46	0.03	0.03	10.23	0.44	0.64	7.7	8.28	0.3	0.48	367	10.77	-4.18	58.89	-0.03	-1.0	99.78	19.8	0.29	-0.61	0.03	0.29	-0.5
57	fg1_m13	1	1.42	0	87.58	0.04	0.06	7.02	0.17	0.47	18.27	26.88	0.3	0.48	368	7.63	-2.53	33.83	-0.05	-1.06	94.76	18.79	0.65	-0.44	0.05	0.65	-0.35
58	fg1_m13	1	1.42	2	62.61	0.03	0.04	16.68	0.39	0.42	12.76	18.61	0.3	0.21	368	9.65	-6.67	67.27	0.04	-0.99	108.62	20.15	0.31	-0.57	0.04	0.31	-0.79
59	fg1_m13	1	1.42	3	57.06	0.03	0.03	8.02	0.31	0.6	2.17	3.87	0.3	0.48	368	9.16	-8.22	52.41	0.0	-1.12	100.81	20.83	0.75	-0.28	0.0	0.75	0.1
60	fg1_m13	1	1.42	5	59.37	0.03	0.03	6.0	0.32	0.31	5.8	8.13	0.0	0.48	368	7.22	-9.9	70.49	-0.06	-0.95	109.15	20.3	0.24	-0.51	0.06	0.24	1.77
61	fg1_m13	1	1.42	6	72.19	0.03	0.04	7.31	0.66	0.83	3.61	2.76	0.0	0.21	816	18.19	-7.21	100.4	-0.06	-1.47	85.08	15.67	1.15	1.23	0.06	1.15	-0.18
62	fg1_m13	1	1.47	1	84.14	0.03	0.05	8.09	0.47	0.6	5.3	12.54	0.3	0.21	657	11.56	-1.19	83.84	0.05	-0.97	93.18	22.03	0.31	-0.27	0.05	0.31	0.34
63	fg1_m13	1	1.47	2	62.06	0.03	0.04	10.91	0.55	0.77	1.68	3.14	0.3	0.21	780	14.92	-5.16	86.46	0.03	-1.4	83.67	19.24	1.18	1.43	0.03	1.18	2.32
64	fg1_m13	1	1.47	3	73.74	0.04	0.04	8.94	0.33	0.58	2.48	2.52	0.0	0.48	368	10.06	-6.01	48.34	-0.08	-1.15	100.41	20.77	0.85	0.01	0.08	0.85	0.36
65	fg1_m13	1	1.47	6	56.84	0.04	0.06	10.32	0.54	0.76	5.75	11.06	0.61	0.48	571	14.05	-11.92	73.03	-0.18	-1.09	93.9	18.9	0.78	0.1	0.18	0.78	-1.42
66	fg1_m13	1	1.52	0	70.57	0.04	0.04	6.62	0.2	0.3	5.69	8.2	0.43	0.48	368	7.03	-13.85	36.51	0.07	-1.03	95.16	15.42	0.48	-0.81	0.07	0.48	-0.57
67	fg1_m13	1	1.52	1	88.81	0.02	0.04	9.06	0.61	0.69	4.56	14.31	0.0	0.77	808	15.73	4.73	94.49	0.01	-1.22	87.08	16.44	1.11	1.06	0.01	1.11	0.09
68	fg1_m13	1	1.52	2	52.68	0.04	0.06	15.88	0.41	0.63	3.43	4.88	0.3	0.21	368	10.71	-8.87	57.48	0.02	-1.09	99.87	22.47	0.6	-0.25	0.02	0.6	1.37
69	fg1_m13	1	1.52	3	67.81	0.03	0.04	10.95	0.33	0.28	5.94	6.55	0.0	0.48	368	9.26	-2.7	62.75	0.07	-1.07	107.67	20.62	0.56	-0.34	0.07	0.56	0.74
70	fg1_m13	1	1.52	4	74.53	0.05	0.04	6.06	0.13	0.3	25.89	22.15	0.0	0.48	368	6.84	-3.42	27.33	0.02	-1.12	93.83	16.14	0.51	-0.68	0.02	0.51	-0.41
71	fg1_m13	1	1.52	5	60.33	0.03	0.04	11.61	0.5	0.73	11.84	19.34	0.43	0.48	633	13.41	-11.03	71.52	-0.0	-1.24	85.81	20.53	1.23	1.15	0.0	1.23	-0.61
72	fg1_m13	1	1.52	6	69.19	0.03	0.04	8.09	0.49	0.64	2.96	4.95	0.68	0.21	628	11.51	-4.47	84.79	-0.07	-1.06	93.89	18.42	0.78	0.08	0.07	0.78	0.78
73	fg1_m13	1	1.66	1	83.57	0.03	0.04	10.67	0.44	0.65	2.85	4.63	0.43	0.64	364	10.86	-0.66	59.87	-0.06	-0.93	102.7	18.3	0.34	-0.66	0.06	0.34	-0.43
74	fg1_m13	1	1.66	2	53.38	0.03	0.04	12.42	0.53	0.61	1.68	5.26	0.3	0.21	703	13.68	-4.97	74.0	-0.05	-1.15	88.43	18.58	1.3	1.55	0.05	1.3	-0.12
75	fg1_m13	1	1.66	3	70.78	0.04	0.04	9.55	0.31	0.22	3.63	4.16	0.3	0.48	368	8.63	-10.77	55.86	-0.03	-1.1	102.34	19.69	0.62	-0.38	0.03	0.62	-1.23
76	fg1_m13	1	1.66	4	79.8	0.04	0.04	6.36	0.11	0.22	53.76	38.23	0.3	0.21	368	5.44	-3.95	28.9	0.07	-0.82	95.31	14.72	0.65	-0.53	0.07	0.65	0.6
77	fg1_m13	1	1.66	5	54.66	0.02	0.03	6.91	0.48	0.62	1.08	2.48	0.0	0.21	688	12.44	-6.97	73.5	-0.02	-1.17	88.85	17.99	1.28	1.53	0.02	1.28	-0.03
78	fg1_m13	1	1.66	6	67.42	0.03	0.04	8.86	0.54	0.7	3.63	7.39	0.3	0.64	605	13.55	-9.17	76.71	0.04	-1.24	92.48	19.17	0.72	-0.11	0.04	0.72	2.08
79	fg1_m13	1	1.71	0	72.13	0.05	0.03	5.87	0.18	0.35	6.48	7.45	0.43	0.21	368	7.8	-6.52	35.33	0.04	-1.11	97.16	16.2	0.78	-0.39	0.04	0.78	1.41
80	fg1_m13	1	1.71	1	84.58	0.02	0.04	9.01	0.61	0.71	6.07	15.68	0.3	0.48	771	15.19	-1.79	93.85	-0.03	-1.3	86.08	17.35	1.03	1.51	0.03	1.03	0.46
81	fg1_m13	1	1.71	2	53.4	0.03	0.03	13.67	0.45	0.43	1.21	3.59	0.3	0.48	747	11.57	0.95	77.91	-0.01	-1.02	93.11	18.92	1.21	1.25	0.01	1.21	-1.86
82	fg1_m13	1	1.71	3	65.9	0.03	0.05	9.96	0.31	0.34	2.56	3.73	0.3	0.48	368	8.47	-13.37	59.76	0.01	-1.07	105.52	19.83	0.57	-0.43	0.01	0.57	0.78
83	fg1_m13	1	1.71	4	63.08	0.05	0.03	5.29	0.12	0.19	22.8	15.62	0.3	0.77	368	5.93	-8.6	27.84	-0.01	-1.23	94.47	14.94	0.47	-0.82	0.01	0.47	0.36
84	fg1_m13	1	1.71	5	59.92	0.03	0.03	5.51	0.46	0.5	3.52	8.02	0.0	0.48	712	11.96	0.84	76.69	0.03	-1.15	91.69	19.05	1.18	1.05	0.03	1.18	-0.32
85	fg1_m13	1	1.71	6	72.19	0.02	0.02	6.25	0.58	0.76	2.68	3.47	0.3	0.21	568	13.75	-10.51	82.45	0.09	-1.26	94.94	17.4	0.77	-0.2	0.09	0.77	0.25
86	fg1_m13	1	1.76	0	83.59	0.05	0.02	4.96	0.14	0.21	7.84	6.43	0.3	0.77	368	5.8	-8.33	36.17	-0.14	-1.12	96.85	17.44	0.62	-0.54	0.14	0.62	-0.44
87	fg1_m13	1	1.76	1	81.99	0.03	0.05	9.13	0.53	0.69	12.66	16.03	0.0	0.21	621	13.2	-7.63	76.86	-0.14	-1.03	88.36	20.81	0.73	0.13	0.14	0.73	-0.65
88	fg1_m13	1	1.76	2	62.82	0.04	0.05	6.32	0.37	0.59	10.6	12.92	0.0	0.48	366	8.9	3.11	62.6	0.04	-1.06	103.16	20.0	0.63	-0.42	0.04	0.63	0.53
89	fg1_m13	1	1.76	5	59.31	0.04	0.06	17.54	0.42	0.46	5.77	6.69	0.3	0.21	368	10.2	15.94	64.9	-0.06	-1.03	104.62	21.26	0.53	-0.47	0.06	0.53	-0.04
90	fg1_m13	1	1.76	6	72.85	0.03	0.04	8.3	0.58	0.75	1.64	1.74	0.0	0.64	584	13.82	-15.6	73.75	0.05	-1.34	87.53	17.81	1.01	0.87	0.05	1.01	-0.36
91	fg1_m13	1	1.81	0	72.16	0.04	0.05	6.93	0.14	-0.15	20.35	15.47	0.3	0.48	368	5.62	-9.9	40.3	-0.01	-1.1	100.4	16.85	0.82	-0.44	0.01	0.82	0.56
92	fg1_m13	1	1.81	1	84.4	0.05	0.06	10.54	0.44	0.61	5.34	12.56	0.3	0.77	660	11.49	-9.02	75.2	-0.11	-0.95	91.02	19.76	1.07	0.64	0.11	1.07	0.73
93	fg1_m13	1	1.81	2	57.03	0.03	0.03	6.66	0.46	0.61	2.86	6.05	0.0	0.21	677	11.68	8.77	71.1	0.03	-1.25	86.96	20.65	1.1	0.96	0.03	1.1	-0.26
94	fg1_m13	1	1.81	3	68.65	0.04	0.04	8.9	0.36	0.42	1.68	1.76	0.3	0.48	368	9.39	-20.4	52.23	0.04	-1.19	101.65	21.12	0.75	-0.26	0.04	0.75	-0.75
95	fg1_m13	1	1.81	4	73.8	0.05	0.04	6.19	0.13	0.16	29.11	18.92	0.0	0.48	368	6.54	-4.13	29.94	-0.13	-1.09	95.49	13.36	0.49	-0.49	0.13	0.49	-0.39
96	fg1_m13	1	1.81	5	53.13	0.04	0.04	14.01	0.41	0.61	1.88	3.86	0.0	0.21	368	10.24	9.86	57.68	0.0	-1.1	100.55	20.83	0.72	-0.38	0.0	0.72	0.41
97	fg1_m13	1	1.81	6	65.76	0.03	0.03	9.43	0.57	0.76	1.42	2.34	0.3	0.77	585	14.09	-16.47	76.32	0.03	-1.24	91.23	18.51	0.94	0.35	0.03	0.94	1.25
98	fg1_m13	1	1.86	0	72.61	0.04	0.04	7.32	0.18	0.34	11.59	12.11	0.3	0.77	368	6.93	-7.49	37.41	0.03	-1.26	98.19	18.19	0.65	-0.39	0.03	0.65	1.17
99	fg1_m13	1	1.86	2	51.8	0.03	0.03	5.33	0.45	0.65	1.8	5.35	0.0	0.48	665	11.45	8.52	76.54	0.01	-1.17	90.5	20.2	1.16	0.9	0.01	1.16	-0.35
100	fg1_m13	1	1.86	3	65.08	0.03	0.04	9.67	0.34	0.31	4.6	5.49	0.3	0.48	368	8.79	-21.33	58.8	-0.09	-1.08	102.72	20.59	0.57	-0.45	0.09	0.57	0.6
101	fg1_m13	1	1.86	4	73.72	0.04	0.05	5.21	0.14	0.37	8.04	9.63	0.3	0.48	368	7.92	-0.87	27.46	-0.02	-1.09	94.01	15.8	0.46	-0.5	0.02	0.46	1.16
102	fg1_m13	1	1.91	0	84.01	0.04	0.02	4.33	0.21	0.33	4.86	7.77	0.3	0.77	368	8.43	-5.29	34.19	-0.06	-1.34	96.48	17.45	0.85	-0.11	0.06	0.85	0.18
103	fg1_m13	1	1.91	2	56.08	0.03	0.04	16.22	0.39	0.5	4.09	4.39	0.0	0.21	368	9.39	9.62	65.82	0.06	-1.02	106.37	20.41	0.58	-0.24	0.06	0.58	-0.24
104	fg1_m13	1	1.91	3	56.69	0.03	0.05	8.51	0.39	0.32	3.52	6.28	0.3	0.48	368	9.6	-28.03	57.24	0.0	-1.1	103.08	20.2	0.75	-0.21	0.0	0.75	0.02
105	fg1_m13	1	1.91	4	75.08	0.07	0.03	4.6	0.16	0.27	16.78	9.76	0.0	0.48	368	7.86	3.99	27.58	-0.04	-1.06	95.04	13.99	0.56	-0.68	0.04	0.56	1.41
106	fg1_m13	1	1.91	6	71.28	0.03	0.04	9.05	0.61	0.7	2.85	3.39	0.3	0.48	751	15.24	-24.99	91.27	-0.03	-1.32	85.47	18.06	1.26	1.16	0.03	1.26	0.3
107	fg1_m13	1	1.96	3	63.63	0.03	0.04	8.57	0.42	0.57	2.24	3.05	0.3	0.64	368	10.11	-42.65	50.63	0.01	-1.25	100.23	21.65	0.86	-0.31	0.01	0.86	-1.21
108	fg1_m13	1	1.96	4	75.02	0.06	0.04	6.2	0.18	0.12	5.05	6.13	0.3	0.77	368	7.87	9.97	31.17	-0.1	-1.11	95.82	14.81	0.67	-0.5	0.1	0.67	-0.16
109	fg1_m13	1	1.96	5	53.42	0.04	0.06	15.98	0.44	0.51	4.86	6.84	0.0	0.48	368	11.25	17.74	63.34	-0.07	-1.02	104.05	20.79	0.6	-0.23	0.07	0.6	-1.01
110	fg1_m13	1	1.96	6	65.75	0.03	0.04	8.77	0.63	0.75	1.58	3.11	0.0	0.48	718	16.07	-34.42	88.56	-0.05	-1.42	84.98	18.95	1.31	1.05	0.05	1.31	-0.13
111	fg1_m13	1	2.0	1	89.73	0.03	0.04	11.73	0.46	0.62	5.24	10.45	0.3	0.64	367	10.49	19.23	63.09	-0.0	-0.88	101.41	19.82	0.42	-0.36	0.0	0.42	-0.08
112	fg1_m13	1	2.0	2	54.54	0.02	0.02	8.42	0.47	0.69	1.19	2.8	0.43	0.48	660	12.33	5.81	74.3	0.05	-1.27	90.19	19.01	1.42	1.61	0.05	1.42	1.29
113	fg1_m13	1	2.0	3	65.41	0.04	0.05	10.05	0.45	0.52	3.48	4.1	0.3	0.48	368	10.03	-49.57	58.25	-0.04	-1.15	105.67	19.5	0.78	-0.09	0.04	0.78	-1.4
114	fg1_m13	1	2.0	4	82.75	0.04	0.03	4.63	0.15	0.15	17.57	13.95	0.43	0.48	368	7.52	4.37	29.51	0.1	-1.14	95.87	14.4	0.66	-0.41	0.1	0.66	1.63
115	fg1_m13	1	2.0	6	65.26	0.03	0.04	9.88	0.51	0.7	2.19	3.33	0.0	0.48	360	11.25	-42.11	64.67	-0.11	-1.03	104.79	18.6	0.48	-0.46	0.11	0.48	-0.16
116	fg1_m13	1	2.05	0	78.54	0.05	0.03	6.68	0.22	0.25	6.47	13.34	0.3	0.48	368	8.71	-1.19	35.07	-0.04	-1.24	98.77	16.12	0.91	-0.05	0.04	0.91	0.42
117	fg1_m13	1	2.05	1	85.81	0.02	0.04	9.04	0.62	0.69	11.15	11.99	0.0	0.48	796	16.82	28.84	90.55	0.13	-1.33	90.13	17.99	1.11	1.25	0.13	1.11	-0.42
118	fg1_m13	1	2.05	2	53.52	0.03	0.04	16.53	0.38	0.47	3.04	4.39	0.3	0.21	368	8.84	17.4	64.47	-0.02	-1.07	106.96	19.97	0.58	-0.37	0.02	0.58	0.73
119	fg1_m13	1	2.05	3	62.8	0.04	0.07	27.1	0.5	0.11	28.37	50.85	3.05	0.88	1170	15.2	-30.65	116.25	1.07	1.65	121.53	63.56	1.76	2.2	1.07	1.76	-1.8
120	fg1_m13	1	2.05	4	75.31	0.09	0.04	4.43	0.22	0.27	13.23	11.84	0.3	0.48	368	8.93	19.53	25.74	-0.18	-1.07	98.35	14.96	0.51	-0.66	0.18	0.51	1.78
121	fg1_m13	1	2.05	5	63.44	0.03	0.03	6.11	0.53	0.67	15.7	34.05	0.0	0.48	643	13.68	9.59	76.45	-0.02	-1.25	95.61	18.91	1.03	0.69	0.02	1.03	1.97
122	fg1_m13	1	2.05	6	68.5	0.02	0.04	9.66	0.58	0.68	13.18	12.95	0.96	0.48	636	13.98	-51.63	82.5	0.01	-1.19	107.45	35.87	2.28	5.13	0.01	2.28	0.97
123	fg1_m13	1	2.1	0	80.03	0.07	0.04	7.93	0.21	0.38	21.7	24.61	0.43	0.48	368	8.05	18.26	46.77	0.32	-0.7	121.32	16.36	0.28	-0.68	0.32	0.28	-0.79
124	fg1_m13	1	2.1	1	76.47	0.05	0.05	22.93	0.5	0.69	12.99	21.78	0.68	0.64	1241	25.84	-51.59	95.41	0.35	-0.62	134.28	27.95	0.17	0.08	0.35	0.17	0.85
125	fg1_m13	1	2.1	2	69.77	0.03	0.05	19.65	0.43	0.19	14.18	13.18	0.3	0.21	368	10.51	51.84	90.7	0.04	-0.99	156.2	23.96	-0.48	-0.54	0.04	0.48	-0.85
126	fg1_m13	1	2.1	3	21.52	0.1	0.09	29.34	0.54	0.43	10.83	9.93	0.68	0.48	365	11.19	40.76	129.59	0.27	-1.24	180.95	51.52	-0.15	-1.11	0.27	0.15	-0.29
127	fg1_m13	1	2.1	4	79.58	0.15	0.03	7.35	0.32	0.5	34.96	24.79	0.43	0.48	368	10.64	-41.22	20.71	-0.49	-0.7	118.32	17.63	0.24	0.09	0.49	0.24	0.89
128	fg1_m13	1	2.1	5	46.4	0.06	0.04	17.94	0.45	0.59	2.87	3.26	0.0	0.48	635	11.58	12.09	116.8	-0.37	-0.98	152.99	28.21	-0.04	-0.85	0.37	0.04	-0.28
129	fg1_m13	1	2.1	6	73.47	0.07	0.06	20.26	0.62	0.62	52.65	55.55	0.68	0.77	945	16.09	35.37	143.01	0.26	-0.71	151.35	58.47	0.95	0.31	0.26	0.95	0.09
130	fg1_m13	1	2.15	0	80.05	0.07	0.03	6.12	0.2	-0.38	10.2	11.18	0.3	0.21	368	9.11	-4.5	38.87	0.15	-0.87	113.6	14.57	0.07	-0.71	0.15	0.07	0.29
131	fg1_m13	1	2.15	1	76.18	0.05	0.04	10.59	0.23	0.44	14.96	16.69	0.0	0.48	368	5.15	-12.67	56.58	-0.18	-0.99	114.88	19.64	0.43	-0.47	0.18	0.43	0.74
132	fg1_m13	1	2.15	2	70.16	0.04	0.03	6.72	0.3	0.34	3.91	3.46	0.0	0.48	368	8.91	7.24	55.5	0.08	-1.1	113.96	17.65	0.75	-0.16	0.08	0.75	0.81
133	fg1_m13	1	2.15	3	34.79	0.07	0.06	10.81	0.33	0.48	8.88	11.63	0.43	0.21	751	13.01	9.97	56.61	0.04	-1.22	120.31	24.45	0.4	-0.92	0.04	0.4	-0.37
134	fg1_m13	1	2.15	4	77.81	0.14	0.05	8.39	0.11	-0.45	34.32	33.96	0.3	0.48	368	5.76	-10.97	16.88	-0.25	-0.86	101.58	14.3	0.48	-0.18	0.25	0.48	-1.58
135	fg1_m13	1	2.15	5	36.0	0.03	0.04	8.68	0.43	0.6	3.62	6.9	0.3	0.48	673	12.93	-2.81	86.62	-0.3	-0.68	125.5	19.04	-0.08	-0.89	0.3	0.08	0.37
136	fg1_m13	1	2.15	6	64.46	0.05	0.04	6.47	0.48	0.75	4.62	4.51	0.43	0.21	793	15.35	-10.86	68.82	0.21	-1.4	94.77	16.83	1.13	1.34	0.21	1.13	0.2
137	fg1_m13	1	2.2	0	87.61	0.06	0.03	9.14	0.17	0.28	26.77	24.62	0.43	0.64	368	6.31	-5.53	40.42	0.04	-1.23	118.58	14.04	0.11	-0.58	0.04	0.11	-0.43
138	fg1_m13	1	2.2	1	89.08	0.06	0.03	10.78	0.34	0.3	8.82	10.41	0.0	0.48	368	9.67	-2.2	57.54	0.2	-1.16	125.68	16.12	0.19	-0.25	0.2	0.19	0.3
139	fg1_m13	1	2.2	2	45.51	0.05	0.03	7.9	0.3	0.39	4.18	6.68	0.3	0.48	368	9.6	-9.8	46.14	-0.11	-1.2	112.61	20.35	0.3	-0.15	0.11	0.3	-0.08
140	fg1_m13	1	2.2	3	56.42	0.06	0.03	8.59	0.28	0.41	5.03	4.9	0.0	0.48	367	9.29	-2.91	49.19	-0.08	-1.12	121.54	17.85	0.67	-0.23	0.08	0.67	-0.56
141	fg1_m13	1	2.2	4	87.21	0.09	0.05	6.15	0.1	0.35	28.43	26.91	0.68	0.88	368	6.47	-6.99	19.06	-0.06	-1.17	101.62	14.94	0.44	-0.83	0.06	0.44	-0.7
142	fg1_m13	1	2.2	5	45.39	0.03	0.04	5.89	0.45	0.61	3.3	4.29	0.43	0.48	665	14.45	-15.06	60.45	-0.18	-1.09	104.63	15.81	0.86	0.28	0.18	0.86	-1.12
143	fg1_m13	1	2.2	6	53.79	0.05	0.02	8.86	0.36	0.67	15.74	19.34	0.3	0.48	357	9.78	-11.96	54.98	-0.06	-1.12	121.01	19.42	-0.04	-0.75	0.06	0.04	1.35
144	fg1_m13	1	2.25	0	81.49	0.06	0.02	8.98	0.2	0.23	7.43	11.66	0.3	1.07	368	7.06	-7.79	43.39	-0.03	-1.3	119.78	13.95	-0.19	-0.51	0.03	0.19	1.53
145	fg1_m13	1	2.25	1	83.96	0.05	0.04	17.02	0.55	0.49	7.35	22.42	0.3	0.48	1008	40.18	-2.96	81.25	0.25	-1.28	107.57	16.63	0.63	0.53	0.25	0.63	-1.29
146	fg1_m13	1	2.25	2	43.39	0.06	0.03	12.48	0.31	0.52	6.48	6.74	0.43	0.21	368	8.75	-17.85	48.86	0.04	-1.2	118.77	18.46	0.41	-0.29	0.04	0.41	0.73
147	fg1_m13	1	2.25	3	57.43	0.04	0.04	8.6	0.27	0.49	3.28	4.38	0.3	0.48	368	8.03	3.65	52.4	-0.05	-1.26	121.56	18.82	0.34	-0.57	0.05	0.34	-0.35
148	fg1_m13	1	2.25	4	71.16	0.09	0.04	5.61	0.12	0.32	32.91	39.59	0.3	0.48	368	7.8	-8.94	16.38	0.02	-0.85	102.92	14.68	0.43	-0.52	0.02	0.43	1.43
149	fg1_m13	1	2.25	5	53.06	0.03	0.03	11.38	0.44	0.69	2.36	4.03	0.0	0.21	646	14.15	-22.93	59.09	0.02	-1.12	107.85	17.79	0.28	-0.34	0.02	0.28	1.14
150	fg1_m13	1	2.25	6	55.83	0.03	0.03	10.32	0.37	0.59	17.18	25.74	0.3	0.48	361	9.41	-1.17	62.72	-0.02	-0.88	124.37	18.59	-0.12	-0.48	0.02	0.12	-0.92
151	fg1_m13	1	2.3	0	84.18	0.05	0.03	8.04	0.19	0.33	26.54	27.0	0.3	0.48	368	6.29	-14.63	37.98	-0.07	-1.32	115.14	15.42	0.32	-0.58	0.07	0.32	1.55
152	fg1_m13	1	2.3	1	81.68	0.05	0.03	8.44	0.36	0.5	15.28	31.58	0.3	0.48	368	11.32	-15.27	50.55	0.15	-1.22	118.53	17.25	0.71	-0.13	0.15	0.71	-0.33
153	fg1_m13	1	2.3	2	45.71	0.05	0.04	14.17	0.32	0.54	4.63	6.35	0.0	0.21	368	8.52	-20.13	53.6	-0.09	-1.11	121.9	18.39	0.32	-0.33	0.09	0.32	-0.72
154	fg1_m13	1	2.3	3	53.19	0.04	0.04	7.71	0.26	0.4	4.4	5.33	0.43	0.64	368	8.2	4.87	50.41	-0.0	-1.15	122.9	17.03	0.45	-0.55	0.0	0.45	0.01
155	fg1_m13	1	2.3	4	72.36	0.11	0.03	6.69	0.13	0.33	28.05	18.36	0.0	0.21	368	7.49	-8.79	15.96	-0.02	-1.01	103.75	14.65	0.3	-0.95	0.02	0.3	-0.67
156	fg1_m13	1	2.3	5	56.16	0.03	0.03	6.45	0.39	0.73	4.02	6.88	0.0	0.48	581	11.5	-16.75	62.18	-0.01	-1.37	110.88	17.4	0.49	-0.21	0.01	0.49	-0.63
157	fg1_m13	1	2.3	6	59.2	0.04	0.03	10.23	0.41	0.59	3.42	5.74	0.3	0.48	616	11.88	7.13	71.49	0.14	-1.11	113.54	17.15	0.41	-0.11	0.14	0.41	-0.83
158	fg1_m13	1	2.35	0	74.61	0.07	0.05	10.02	0.22	0.28	10.36	13.07	0.3	0.48	368	7.37	-13.01	41.81	-0.03	-1.33	116.62	17.34	0.46	-0.36	0.03	0.46	1.25
159	fg1_m13	1	2.35	1	83.54	0.03	0.03	6.21	0.3	0.42	17.36	25.71	0.61	0.77	368	9.51	-9.76	51.49	-0.03	-1.21	119.72	19.86	0.68	-0.49	0.03	0.68	1.05
160	fg1_m13	1	2.35	2	43.59	0.04	0.03	9.1	0.29	0.42	7.61	11.7	0.3	0.48	368	7.28	-27.65	51.16	-0.11	-1.2	121.64	17.95	0.56	-0.22	0.11	0.56	-1.69
161	fg1_m13	1	2.35	3	46.31	0.05	0.04	7.39	0.26	0.25	15.87	21.63	0.3	0.48	368	8.46	11.0	48.59	-0.08	-1.11	122.19	17.36	0.42	-0.77	0.08	0.42	-1.52
162	fg1_m13	1	2.35	5	53.33	0.04	0.03	13.75	0.31	0.72	4.62	5.99	0.0	0.21	360	7.3	-23.64	54.03	0.0	-1.04	116.77	19.4	0.04	-0.57	0.0	0.04	0.78
163	fg1_m13	1	2.35	6	55.75	0.04	0.02	8.12	0.42	0.61	1.93	3.93	0.3	0.48	645	13.46	12.89	62.66	0.11	-1.18	111.59	13.24	0.85	0.84	0.11	0.85	-0.89
164	fg1_m13	1	2.4	0	82.96	0.06	0.04	9.56	0.22	0.24	11.61	14.27	0.3	0.48	368	7.38	-8.99	44.87	-0.16	-1.18	119.64	17.64	0.71	-0.39	0.16	0.71	-0.64
165	fg1_m13	1	2.4	1	80.55	0.04	0.03	10.22	0.29	0.42	19.08	22.62	0.0	0.21	368	8.21	-12.46	53.44	0.06	-1.03	123.65	18.66	0.3	-0.43	0.06	0.3	-0.35
166	fg1_m13	1	2.4	2	42.61	0.05	0.03	15.28	0.33	0.31	5.86	8.3	0.3	0.21	368	9.05	-26.43	50.12	0.04	-1.18	121.16	17.25	0.76	-0.13	0.04	0.76	-2.22
167	fg1_m13	1	2.4	3	47.47	0.05	0.04	8.63	0.27	0.26	4.79	7.19	0.3	0.48	368	8.8	15.99	45.57	-0.23	-1.11	120.21	15.84	0.34	-0.44	0.23	0.34	1.07
168	fg1_m13	1	2.4	4	38.04	0.14	0.04	5.22	0.15	-0.14	25.42	13.19	0.0	0.48	368	5.82	-11.96	14.93	0.09	-1.02	104.45	12.12	0.22	-0.56	0.09	0.22	0.54
169	fg1_m13	1	2.4	5	46.92	0.03	0.03	13.37	0.35	0.68	12.14	9.59	0.0	0.21	361	8.71	-23.59	52.65	0.08	-0.97	117.14	15.95	0.41	-0.66	0.08	0.41	2.05
170	fg1_m13	1	2.4	6	59.25	0.03	0.02	7.81	0.42	0.65	1.98	3.03	0.3	0.21	616	12.75	13.56	65.5	0.04	-1.36	113.04	14.71	0.47	-0.17	0.04	0.47	-0.96
171	fg1_m13	1	2.44	0	89.8	0.05	0.03	9.08	0.25	0.28	8.61	11.93	0.0	0.48	368	8.02	-11.7	44.99	-0.11	-1.2	119.53	17.65	0.53	-0.67	0.11	0.53	-0.36
172	fg1_m13	1	2.44	1	81.12	0.05	0.03	11.05	0.31	0.37	14.28	15.32	0.0	0.48	368	8.36	-17.89	55.1	0.01	-1.08	122.87	18.96	0.24	-0.84	0.01	0.24	1.24
173	fg1_m13	1	2.44	2	37.9	0.03	0.02	5.69	0.33	0.28	3.06	6.05	0.3	0.48	368	9.44	-28.54	50.55	-0.01	-1.21	122.51	18.45	0.73	-0.07	0.01	0.73	1.45
174	fg1_m13	1	2.44	3	47.29	0.04	0.05	8.48	0.29	0.27	15.31	34.15	0.61	0.21	752	11.93	-0.16	59.52	-0.26	-0.11	124.63	30.73	0.84	-0.05	0.26	0.84	0.47
175	fg1_m13	1	2.44	4	56.71	0.18	0.04	8.89	0.16	-0.08	47.45	50.7	0.43	0.48	368	5.71	-15.35	13.72	0.04	-0.72	103.85	12.41	0.38	-0.75	0.04	0.38	-0.76
176	fg1_m13	1	2.44	5	45.48	0.04	0.03	8.62	0.43	0.68	3.44	8.21	0.0	0.48	607	12.69	-22.42	66.01	0.13	-1.18	112.9	14.58	0.58	-0.38	0.13	0.58	-0.74
177	fg1_m13	1	2.44	6	55.71	0.04	0.04	12.57	0.48	0.68	4.86	7.98	0.3	0.48	823	15.55	0.9	94.42	-0.25	-1.02	118.18	16.22	0.48	-0.96	0.25	0.48	0.56
178	fg1_m13	1	2.54	0	82.27	0.05	0.04	8.24	0.32	0.43	18.12	44.18	0.0	0.21	736	11.43	-20.4	49.37	0.04	-1.33	119.2	18.21	0.69	-0.25	0.04	0.69	-0.23
179	fg1_m13	1	2.54	1	80.05	0.04	0.03	8.8	0.27	0.49	13.49	15.33	0.0	0.21	368	9.62	-14.41	45.03	0.02	-1.04	123.64	16.25	-0.41	-0.38	0.02	0.41	-0.15
180	fg1_m13	1	2.54	2	25.12	0.06	0.03	8.23	0.27	0.26	19.95	17.37	0.0	0.48	368	9.87	-1.06	47.62	-0.09	-0.83	127.72	14.89	0.24	-0.34	0.09	0.24	-1.22
181	fg1_m13	1	2.54	4	27.18	0.47	0.03	5.88	0.08	0.14	52.67	36.87	0.3	0.48	368	7.26	-7.8	7.71	0.27	-0.34	106.28	12.14	0.1	-0.45	0.27	0.1	-0.14
182	fg1_m13	1	2.54	5	35.61	0.06	0.03	8.77	0.41	0.65	9.62	18.36	0.43	0.88	838	15.06	-14.15	70.05	-0.19	-1.38	126.74	13.37	0.63	-0.12	0.19	0.63	-0.13
183	fg1_m13	1	2.54	6	54.68	0.06	0.03	13.22	0.34	0.64	22.55	31.54	0.91	1.37	887	14.95	-4.99	63.74	0.56	-0.59	120.15	16.78	0.43	-0.14	0.56	0.43	0.84
184	fg1_m13	1	2.64	0	81.08	0.08	0.04	12.2	0.32	0.36	18.26	43.52	0.3	0.21	749	12.02	-13.69	54.01	0.01	-1.2	130.26	15.42	0.54	0.13	0.01	0.54	2.07
185	fg1_m13	1	2.64	1	87.14	0.07	0.03	10.49	0.3	0.45	7.7	17.7	0.3	0.48	759	11.64	-19.71	53.77	-0.25	-1.14	126.82	16.95	0.32	-0.14	0.25	0.32	-1.84
186	fg1_m13	1	2.64	2	31.21	0.04	0.02	14.34	0.21	0.26	7.57	8.24	0.3	0.21	368	7.49	-10.22	44.48	0.05	-0.97	126.92	15.97	-0.05	-0.63	0.05	0.05	-0.45
187	fg1_m13	1	2.64	3	31.45	0.06	0.04	7.96	0.29	0.33	27.41	26.09	0.0	0.48	368	9.54	-3.17	49.94	0.06	-0.8	131.72	18.28	0.04	-0.53	0.06	0.04	-0.82
188	fg1_m13	1	2.64	4	24.77	0.14	0.04	6.18	0.1	0.11	56.4	32.91	0.3	0.48	368	10.67	-9.91	10.11	-0.02	0.03	109.07	14.68	0.25	-0.63	0.02	0.25	-1.77
189	fg1_m13	1	2.64	5	54.3	0.06	0.03	13.96	0.35	0.59	17.9	22.7	0.43	0.21	666	13.4	-6.31	56.65	0.38	-0.8	125.59	15.15	0.5	-0.5	0.38	0.5	1.67
190	fg1_m13	1	2.64	6	44.78	0.07	0.03	10.94	0.35	0.64	6.34	9.95	0.3	0.48	650	13.81	-5.39	54.58	0.32	-1.01	136.34	14.93	0.11	-0.1	0.32	0.11	0.11
191	fg1_m13	1	2.74	0	83.35	0.04	0.02	8.53	0.23	0.41	11.75	18.01	0.3	0.48	368	7.52	-10.34	41.41	0.04	-1.22	128.82	15.01	0.07	-0.79	0.04	0.07	-0.92
192	fg1_m13	1	2.74	1	83.58	0.05	0.02	6.56	0.27	0.44	10.26	12.52	0.68	1.07	368	9.26	-18.53	43.02	-0.01	-1.12	130.22	15.14	0.22	-0.73	0.01	0.22	1.42
193	fg1_m13	1	2.74	2	35.59	0.04	0.02	12.47	0.26	0.23	9.09	9.59	0.61	0.77	368	8.35	-11.59	44.09	0.01	-1.08	130.91	15.03	0.16	-0.66	0.01	0.16	-0.2
194	fg1_m13	1	2.74	3	39.69	0.04	0.02	7.95	0.26	0.32	2.69	4.22	0.3	0.64	368	8.81	-3.54	49.23	0.15	-1.07	137.01	15.84	0.28	-0.56	0.15	0.28	-0.16
195	fg1_m13	1	2.74	4	16.38	0.31	0.03	5.2	0.11	0.19	27.79	13.54	0.3	0.48	368	6.88	-14.81	8.86	0.05	0.07	111.37	13.61	0.2	-0.42	0.05	0.2	-1.0
196	fg1_m13	1	2.74	5	47.56	0.05	0.02	6.08	0.3	0.65	23.58	26.96	0.0	0.48	634	13.03	-2.91	45.12	0.08	-1.04	124.26	14.17	0.38	-0.49	0.08	0.38	1.05
197	fg1_m13	1	2.74	6	47.31	0.04	0.03	7.21	0.35	0.65	3.25	9.5	0.3	0.48	665	13.36	6.59	54.83	-0.14	-1.15	121.91	13.23	0.37	-0.43	0.14	0.37	-0.79
198	fg1_m13	1	2.83	0	80.83	0.05	0.02	9.2	0.21	0.44	18.39	24.63	0.0	0.48	368	7.89	-8.52	41.55	-0.03	-1.1	129.47	15.1	0.21	-0.81	0.03	0.21	0.5
199	fg1_m13	1	2.83	1	84.91	0.03	0.02	6.76	0.26	0.46	10.62	13.16	0.0	0.21	368	8.89	-16.09	44.13	0.06	-1.21	132.27	17.04	-0.01	-0.59	0.06	0.01	0.06
200	fg1_m13	1	2.83	2	35.27	0.04	0.02	6.68	0.21	0.23	7.16	8.55	0.3	0.48	368	7.22	-13.58	44.59	0.04	-1.04	133.16	13.17	0.25	-0.38	0.04	0.25	0.64
201	fg1_m13	1	2.83	3	34.92	0.03	0.02	7.13	0.26	0.29	3.29	5.78	0.43	0.88	368	9.24	-2.7	48.08	0.15	-0.97	138.8	13.88	0.1	-0.82	0.15	0.1	-0.83
202	fg1_m13	1	2.83	4	55.64	0.13	0.03	4.51	0.1	0.17	29.27	19.83	0.3	0.48	368	5.97	-13.77	9.68	-0.28	1.81	111.14	13.47	0.2	-0.63	0.28	0.2	1.97
203	fg1_m13	1	2.83	5	50.87	0.04	0.03	10.46	0.33	0.65	14.48	11.54	0.3	0.48	638	12.84	-9.94	52.98	0.12	-1.01	125.48	12.77	0.41	-0.63	0.12	0.41	0.79
204	fg1_m13	1	2.83	6	45.26	0.04	0.02	7.43	0.32	0.63	2.17	6.14	0.3	0.48	658	12.93	-4.53	53.46	-0.18	-1.03	129.44	13.58	0.29	-0.33	0.18	0.29	-1.58
205	fg1_m13	1	2.92	0	80.05	0.06	0.02	9.48	0.22	0.34	19.35	18.4	0.3	0.48	368	8.24	-2.8	41.64	-0.15	-1.05	129.3	14.94	0.22	-1.02	0.15	0.22	0.64
206	fg1_m13	1	2.92	1	80.92	0.04	0.02	6.6	0.25	0.36	6.55	7.57	0.61	1.07	368	9.21	-6.97	44.28	-0.08	-1.19	132.78	16.21	0.15	-0.79	0.08	0.15	-0.76
207	fg1_m13	1	2.92	2	36.01	0.05	0.02	12.36	0.21	0.3	18.43	27.37	0.3	0.21	368	7.48	5.25	41.4	-0.03	-1.11	131.6	16.28	0.04	-0.74	0.03	0.04	-0.36
208	fg1_m13	1	2.92	3	39.34	0.03	0.02	8.16	0.27	0.45	2.78	5.11	0.43	0.88	368	9.37	-25.98	46.41	0.05	-1.05	137.01	14.8	0.31	-0.57	0.05	0.31	-0.8
209	fg1_m13	1	2.92	4	26.26	0.16	0.03	4.78	0.09	-0.12	62.55	48.37	0.3	1.07	368	7.0	-7.91	9.63	-0.32	0.0	108.71	12.73	0.15	-0.81	0.32	0.15	0.75
210	fg1_m13	1	2.92	5	50.82	0.04	0.02	9.84	0.34	0.67	14.51	24.11	0.0	0.21	655	13.77	2.69	49.5	-0.02	-1.05	123.51	10.96	0.69	0.2	0.02	0.69	-0.21
211	fg1_m13	1	2.92	6	45.48	0.03	0.02	7.62	0.32	0.63	2.26	5.33	0.0	0.48	669	11.79	-16.4	51.97	-0.07	-0.93	126.45	12.92	0.79	-0.07	0.07	0.79	-0.66
212	fg1_m13	1	3.02	0	78.1	0.05	0.02	9.59	0.25	0.33	6.27	9.42	0.3	0.77	368	8.92	-5.98	44.96	-0.04	-1.15	132.98	15.28	0.31	-0.43	0.04	0.31	-0.67
213	fg1_m13	1	3.02	2	36.72	0.04	0.03	8.27	0.24	0.33	4.61	6.39	0.43	0.48	368	8.2	-8.3	45.53	0.03	-1.07	132.98	16.09	0.32	-0.67	0.03	0.32	0.9
214	fg1_m13	1	3.02	5	51.87	0.03	0.02	10.44	0.34	0.64	13.38	18.41	0.3	0.64	645	13.22	-7.98	55.1	-0.05	-0.98	128.94	12.88	0.15	-0.73	0.05	0.15	0.88
215	fg1_m13	1	3.02	6	44.87	0.03	0.03	7.78	0.32	0.64	3.38	6.2	0.3	0.48	658	12.13	-3.71	55.36	-0.1	-0.94	130.9	15.22	-0.01	-0.16	0.1	0.01	0.16
216	fg1_m13	1	3.12	0	83.84	0.05	0.03	9.18	0.23	0.35	21.95	29.11	0.3	0.48	368	8.21	-1.64	45.52	-0.01	-1.09	129.67	17.13	0.04	-0.64	0.01	0.04	1.32
217	fg1_m13	1	3.12	1	83.58	0.03	0.02	10.05	0.25	0.39	7.03	12.59	0.3	0.48	368	7.62	-11.3	49.0	-0.01	-1.08	131.77	17.28	-0.13	-0.94	0.01	0.13	0.3
218	fg1_m13	1	3.12	2	35.47	0.03	0.02	6.95	0.23	0.34	4.76	6.5	0.3	0.48	368	7.69	-18.11	43.16	0.0	-1.2	132.19	15.77	0.51	-0.27	0.0	0.51	-1.08
219	fg1_m13	1	3.12	3	38.21	0.04	0.02	8.24	0.27	0.46	4.32	6.94	0.3	0.48	368	9.32	12.3	48.7	-0.02	-0.93	135.89	15.64	0.21	-0.67	0.02	0.21	-0.57
220	fg1_m13	1	3.12	4	20.13	0.27	0.02	4.68	0.12	-0.04	33.65	30.65	0.0	0.48	368	6.59	-15.56	9.24	-0.05	-0.62	110.44	12.18	0.24	-0.83	0.05	0.24	0.63
221	fg1_m13	1	3.12	5	50.01	0.03	0.02	6.57	0.33	0.65	14.64	18.73	0.43	0.48	645	13.06	-17.5	49.81	-0.03	-1.02	124.58	13.37	0.09	-0.84	0.03	0.09	0.54
222	fg1_m13	1	3.12	6	47.33	0.05	0.03	10.84	0.32	0.65	12.46	19.1	0.0	0.64	656	12.54	2.69	55.41	-0.05	-0.99	129.03	13.34	0.38	-0.03	0.05	0.38	-1.35
223	fg1_m13	1	3.22	0	87.14	0.05	0.02	8.86	0.23	0.35	3.81	9.18	0.0	0.77	368	7.58	-10.51	43.84	-0.01	-1.27	129.29	14.96	0.43	-0.6	0.01	0.43	-0.64
224	fg1_m13	1	3.22	1	84.35	0.05	0.03	10.52	0.26	0.37	34.85	32.9	0.3	0.48	368	8.29	-17.58	46.54	-0.05	-1.21	130.9	14.86	-0.01	-0.67	0.05	0.01	1.24
225	fg1_m13	1	3.22	2	35.17	0.05	0.03	11.7	0.22	0.32	9.79	8.98	0.3	0.21	368	7.89	-7.15	43.79	0.03	-1.0	130.27	16.68	0.28	-0.71	0.03	0.28	-0.35
226	fg1_m13	1	3.22	3	39.12	0.06	0.02	8.83	0.28	0.45	7.87	13.84	0.43	0.48	368	9.63	-2.09	47.79	-0.12	-0.93	135.76	15.59	0.38	-0.46	0.12	0.38	1.34
227	fg1_m13	1	3.22	4	39.41	0.5	0.03	8.85	0.11	-0.11	62.74	36.61	0.0	0.48	368	6.44	-13.63	9.56	-0.17	0.16	107.62	12.36	0.3	-0.78	0.17	0.3	0.71
228	fg1_m13	1	3.22	5	49.44	0.04	0.02	6.6	0.32	0.66	14.72	31.62	0.3	0.21	633	13.11	-5.76	49.44	-0.04	-1.12	123.65	12.56	0.61	-0.43	0.04	0.61	0.25
229	fg1_m13	1	3.22	6	45.35	0.03	0.02	7.63	0.33	0.6	12.51	16.34	0.0	0.77	664	12.42	-3.37	55.13	0.21	-0.98	128.7	12.65	0.46	-0.14	0.21	0.46	-0.15
230	fg1_m13	1	3.31	0	80.12	0.06	0.03	10.14	0.25	0.41	11.24	14.79	0.3	0.48	368	7.95	-3.27	45.3	-0.08	-1.23	128.83	14.58	0.54	-0.51	0.08	0.54	0.71
231	fg1_m13	1	3.31	1	82.86	0.05	0.03	9.86	0.27	0.44	16.32	15.98	0.61	1.07	368	8.79	-16.41	45.98	-0.05	-1.17	132.09	15.29	0.07	-0.62	0.05	0.07	-0.28
232	fg1_m13	1	3.31	2	35.03	0.05	0.03	11.58	0.24	0.2	7.38	8.85	0.3	0.21	368	7.73	-13.08	45.08	0.08	-1.05	132.08	15.83	0.23	-0.81	0.08	0.23	0.98
233	fg1_m13	1	3.31	4	12.48	0.23	0.02	3.58	0.15	-0.11	32.81	20.38	0.43	0.64	368	7.07	-16.64	9.73	0.21	-0.39	108.38	12.4	-0.07	-0.37	0.21	0.07	0.95
234	fg1_m13	1	3.31	5	49.68	0.03	0.02	11.43	0.3	0.65	3.63	5.72	0.0	0.21	365	11.32	-10.37	42.5	0.19	-0.78	128.91	13.05	-0.0	-0.63	0.19	0.0	-0.86
235	fg1_m13	1	3.31	6	45.45	0.04	0.02	7.42	0.33	0.65	2.02	4.74	0.0	0.64	653	12.62	4.61	55.46	-0.05	-0.92	128.88	13.41	0.4	-0.48	0.05	0.4	0.23
236	fg1_m13	1	3.41	0	80.61	0.05	0.02	9.23	0.25	0.4	15.25	18.98	0.0	0.48	368	8.36	-4.7	45.49	-0.06	-1.23	132.18	15.11	-0.06	-0.66	0.06	0.06	-0.52
237	fg1_m13	1	3.41	1	82.79	0.04	0.03	6.88	0.27	0.47	17.84	16.71	0.61	1.07	368	9.05	-15.27	46.43	-0.05	-1.1	132.09	15.76	-0.12	-0.88	0.05	0.12	-1.39
238	fg1_m13	1	3.41	4	16.95	0.2	0.02	4.02	0.16	-0.04	44.71	42.88	0.3	0.77	368	7.05	-19.06	9.79	-0.14	-0.41	110.53	11.57	0.12	-0.81	0.14	0.12	-1.27
239	fg1_m13	1	3.41	5	53.1	0.04	0.02	10.24	0.34	0.64	3.34	8.5	0.0	0.21	637	13.04	-14.75	54.32	0.04	-1.11	127.67	11.57	0.7	-0.2	0.04	0.7	-0.99
240	fg1_m13	1	3.41	6	44.79	0.04	0.02	6.64	0.34	0.63	16.97	25.65	0.3	0.48	655	12.41	2.93	56.62	-0.05	-1.02	129.81	12.44	0.62	0.24	0.05	0.62	0.5
241	fg1_m13	1	8.38	0	70.83	0.04	0.02	7.4	0.34	0.92	2.42	4.31	0.61	0.48	746	219.11	-6.09	49.53	0.01	-1.38	117.78	13.01	1.11	0.63	0.01	1.11	-1.73
242	fg1_m13	1	8.38	3	44.4	0.04	0.03	7.51	0.43	0.59	0.55	1.12	0.3	0.64	778	56.49	1.16	70.26	-0.02	-1.33	127.52	12.54	0.94	0.48	0.02	0.94	-0.15
243	fg1_m13	1	8.38	4	44.91	0.48	0.02	8.99	0.18	0.81	2.17	4.11	0.0	0.77	689	30.37	-15.64	17.65	0.01	-1.35	106.51	12.29	0.9	0.24	0.01	0.9	0.96
244	fg1_m13	1	8.38	5	60.24	0.03	0.02	8.16	0.46	0.55	1.63	1.58	0.0	0.48	783	36.53	-15.44	71.6	-0.01	-1.31	126.66	7.63	1.0	0.37	0.01	1.0	-1.05
245	fg1_m13	1	8.38	6	47.4	0.03	0.02	8.13	0.47	0.58	1.67	3.01	0.0	0.48	788	36.52	-4.64	76.75	0.04	-1.31	129.38	11.02	1.2	1.08	0.04	1.2	-1.35
0	fg3_m13	1	0.2	0	47.13	0.04	0.08	7.19	0.61	0.12	1.92	7.96	0.61	0.64	764	14.2	3.22	53.74	-0.07	-1.14	57.18	17.73	-0.11	0.86	0.07	0.11	2.29
1	fg3_m13	1	0.2	1	72.1	0.06	0.08	9.0	0.86	0.85	3.96	2.14	0.68	0.77	874	23.29	-84.11	115.83	0.0	-1.43	55.47	17.3	-0.1	1.15	0.0	0.1	-1.25
2	fg3_m13	1	0.2	2	59.88	0.04	0.06	11.17	0.87	0.82	4.27	4.17	0.3	0.21	990	23.72	20.22	115.73	-0.04	-1.36	56.71	18.17	-0.49	0.66	0.04	0.49	-0.73
3	fg3_m13	1	0.2	3	81.71	0.03	0.08	9.6	0.77	0.31	8.07	18.06	0.96	0.77	1256	16.28	69.69	78.86	-0.09	-1.15	56.45	22.46	0.1	0.85	0.09	0.1	0.23
4	fg3_m13	1	0.2	4	55.78	0.02	0.09	8.49	0.79	0.24	2.6	9.63	0.3	0.88	764	14.57	-83.02	63.46	0.05	-1.2	61.3	21.01	0.08	0.32	0.05	0.08	0.1
5	fg3_m13	1	0.2	5	52.31	0.03	0.06	12.14	0.76	0.42	2.61	14.01	0.3	0.21	1256	15.98	19.25	87.22	-0.04	-1.14	55.55	20.69	0.06	0.74	0.04	0.06	-0.46
6	fg3_m13	1	0.2	6	85.79	0.05	0.08	11.26	0.86	0.86	1.52	4.63	0.3	0.48	964	22.76	52.76	119.49	-0.06	-1.41	57.17	16.02	0.16	1.47	0.06	0.16	0.43
7	fg3_m13	1	0.39	0	55.56	0.02	0.07	7.36	0.59	0.25	1.28	4.67	0.0	0.48	764	14.39	-0.14	53.45	0.01	-1.17	59.95	19.99	-0.14	0.68	0.01	0.14	-0.98
8	fg3_m13	1	0.39	1	56.83	0.05	0.08	13.9	0.85	0.84	5.44	6.72	0.61	0.21	944	22.67	-100.79	123.22	-0.03	-1.18	63.64	30.58	5.56	74.78	0.03	5.56	-0.93
9	fg3_m13	1	0.39	2	61.48	0.02	0.06	8.56	0.79	0.71	8.31	9.23	1.52	0.48	1346	18.66	6.1	112.45	-0.53	-1.1	71.1	28.41	1.05	2.49	0.53	1.05	-0.18
10	fg3_m13	1	0.39	3	75.08	0.03	0.1	9.31	0.88	0.36	12.62	32.95	1.36	0.21	1256	17.74	139.88	77.58	-0.02	-1.12	67.59	30.49	0.49	0.44	0.02	0.49	-1.22
11	fg3_m13	1	0.39	4	56.69	0.03	0.09	8.92	0.79	0.19	1.47	4.82	0.43	0.48	764	14.37	-95.71	67.2	0.02	-1.2	66.69	21.78	-0.1	0.4	0.02	0.1	0.47
12	fg3_m13	1	0.39	5	51.48	0.02	0.07	13.04	0.77	0.44	1.26	6.33	0.43	0.21	1256	17.28	-30.74	95.96	-0.05	-1.14	59.3	24.08	-0.27	-0.15	0.05	0.27	0.19
13	fg3_m13	1	0.39	6	84.77	0.04	0.09	9.51	0.86	0.87	5.62	15.87	0.43	0.21	999	24.13	107.87	113.78	0.0	-1.38	60.43	22.66	1.22	4.39	0.0	1.22	1.03
14	fg3_m13	1	0.68	0	68.16	0.05	0.06	8.17	0.25	0.28	7.6	8.01	0.3	0.48	368	8.9	-1.31	41.64	-0.08	-1.04	82.33	23.52	0.52	-0.16	0.08	0.52	1.03
15	fg3_m13	1	0.68	2	61.13	0.04	0.05	10.36	0.67	0.59	21.73	28.29	0.3	0.21	993	15.97	-22.91	103.07	-0.02	-1.34	82.64	22.65	0.45	-0.18	0.02	0.45	1.1
16	fg3_m13	1	0.68	5	59.1	0.02	0.04	11.56	0.57	0.46	11.76	19.63	0.0	0.48	764	12.97	-34.95	86.0	0.11	-1.04	91.52	24.09	0.49	-0.27	0.11	0.49	0.4
17	fg3_m13	1	0.78	1	82.23	0.02	0.03	10.12	0.68	0.7	20.38	28.92	0.0	0.48	786	15.77	-17.66	94.07	0.07	-1.21	80.99	17.54	0.01	0.07	0.07	0.01	-0.86
18	fg3_m13	1	0.78	2	55.43	0.03	0.04	11.8	0.71	0.6	18.46	24.45	0.43	0.88	1073	17.89	-19.48	99.22	0.05	-1.17	82.8	21.0	0.57	0.28	0.05	0.57	-0.09
19	fg3_m13	1	0.78	3	72.15	0.04	0.06	13.01	0.5	0.34	2.02	2.2	0.68	0.88	368	9.58	27.13	76.97	-0.05	-1.05	101.22	25.97	0.75	0.15	0.05	0.75	0.03
20	fg3_m13	1	0.78	4	65.25	0.04	0.06	8.6	0.44	0.26	3.85	9.54	0.43	0.48	764	12.18	-16.3	52.74	0.11	-1.18	74.5	25.97	0.9	1.32	0.11	0.9	0.18
21	fg3_m13	1	0.78	6	74.8	0.03	0.04	8.8	0.66	0.77	13.63	3.86	0.3	0.48	598	13.97	23.84	85.88	-0.09	-1.06	86.64	17.71	0.03	0.29	0.09	0.03	1.45
22	fg3_m13	1	0.98	1	81.36	0.03	0.04	10.71	0.75	0.71	9.47	16.26	0.43	0.64	1042	19.62	-2.82	107.49	0.05	-1.26	78.81	19.18	0.29	0.39	0.05	0.29	-1.25
23	fg3_m13	1	0.98	2	62.6	0.03	0.05	15.28	0.6	0.64	20.5	29.74	0.0	0.64	683	12.64	-15.6	89.81	0.18	-1.15	87.21	22.93	0.72	0.38	0.18	0.72	-0.98
24	fg3_m13	1	0.98	3	66.51	0.03	0.06	9.55	0.47	0.25	2.59	5.29	0.3	0.48	764	12.41	12.03	77.28	-0.11	-1.19	84.39	29.12	1.31	1.64	0.11	1.31	0.86
25	fg3_m13	1	0.98	5	55.37	0.02	0.05	15.49	0.51	0.67	15.97	27.1	0.3	0.21	740	12.08	-15.81	87.17	0.11	-1.07	88.24	27.23	1.09	1.07	0.11	1.09	0.07
26	fg3_m13	1	0.98	6	75.54	0.04	0.04	9.14	0.71	0.64	16.78	26.53	0.43	0.21	843	17.36	2.94	92.73	-0.06	-1.19	82.9	17.74	0.61	0.1	0.06	0.61	0.35
27	fg3_m13	1	1.17	0	71.23	0.04	0.05	6.53	0.35	0.27	2.15	2.13	0.0	0.21	368	10.64	0.38	50.88	-0.05	-1.19	92.9	23.47	0.42	-0.44	0.05	0.42	1.98
28	fg3_m13	1	1.17	1	83.75	0.02	0.05	10.42	0.67	0.69	11.89	17.8	0.43	0.64	787	14.79	6.62	104.23	0.01	-1.27	83.45	21.01	0.2	0.6	0.01	0.2	-1.04
29	fg3_m13	1	1.17	2	61.08	0.03	0.04	13.03	0.69	0.54	15.59	17.77	0.43	0.48	966	15.69	-4.89	101.36	0.04	-1.15	84.42	21.12	0.65	0.91	0.04	0.65	-1.7
30	fg3_m13	1	1.17	3	67.99	0.04	0.04	10.35	0.59	0.45	2.53	5.34	0.43	0.48	762	14.31	-2.6	80.71	-0.05	-1.25	82.91	26.29	0.94	0.77	0.05	0.94	-0.99
31	fg3_m13	1	1.17	4	70.75	0.04	0.04	8.45	0.34	0.14	5.45	5.17	0.0	0.48	368	10.79	-3.63	47.09	-0.12	-1.19	91.42	22.83	0.41	-0.45	0.12	0.41	-1.57
32	fg3_m13	1	1.17	6	70.07	0.03	0.05	10.73	0.74	0.79	3.7	4.8	0.3	0.21	922	19.17	-5.36	112.32	-0.02	-1.4	83.77	18.64	0.41	0.21	0.02	0.41	0.94
33	fg3_m13	1	1.37	0	63.5	0.04	0.06	7.88	0.25	0.16	11.49	6.35	0.0	0.21	368	8.61	-0.29	48.66	-0.05	-1.14	94.6	25.02	0.24	-0.7	0.05	0.24	-0.24
34	fg3_m13	1	1.37	1	86.57	0.03	0.05	10.9	0.69	0.64	22.17	38.1	0.3	0.64	827	16.26	2.25	100.97	0.02	-1.16	83.2	20.48	0.95	1.22	0.02	0.95	-0.98
35	fg3_m13	1	1.37	3	65.38	0.03	0.05	11.73	0.37	0.46	3.1	4.63	0.3	0.48	368	9.29	10.54	75.53	-0.07	-1.14	108.45	28.24	0.61	-0.34	0.07	0.61	-0.64
36	fg3_m13	1	1.37	4	70.52	0.04	0.04	8.1	0.24	0.28	6.69	7.0	0.61	1.16	368	9.29	-4.15	41.69	0.01	-1.19	92.52	26.11	0.51	-0.62	0.01	0.51	-1.91
37	fg3_m13	1	1.37	5	57.83	0.04	0.06	8.84	0.61	0.59	7.92	15.53	0.0	0.21	903	15.45	-26.8	98.89	0.16	-1.36	85.13	28.3	1.4	1.95	0.16	1.4	1.24
38	fg3_m13	1	1.37	6	70.9	0.02	0.03	10.45	0.66	0.67	2.0	2.99	0.3	0.64	773	14.81	7.35	102.64	-0.02	-1.35	87.63	18.84	0.52	0.06	0.02	0.52	-0.25
39	fg3_m13	1	1.47	0	74.2	0.04	0.06	10.17	0.3	0.15	7.3	9.12	0.0	0.48	368	9.78	5.99	53.68	-0.04	-1.27	97.4	28.43	0.52	-0.39	0.04	0.52	-0.85
40	fg3_m13	1	1.47	1	85.53	0.02	0.03	6.81	0.59	0.67	22.67	36.42	0.3	0.48	630	12.29	5.48	89.21	0.1	-1.08	90.71	23.86	0.4	0.19	0.1	0.4	-0.4
41	fg3_m13	1	1.47	3	70.18	0.03	0.06	9.83	0.44	0.4	2.49	4.74	0.3	1.07	738	12.22	-6.48	78.8	-0.04	-1.22	86.77	29.46	1.11	0.6	0.04	1.11	-0.65
42	fg3_m13	1	1.47	4	72.42	0.04	0.06	8.29	0.24	0.16	5.1	5.21	0.0	0.48	368	9.01	4.68	43.98	0.06	-1.15	93.03	23.25	0.29	-0.81	0.06	0.29	0.5
43	fg3_m13	1	1.47	5	52.88	0.04	0.08	15.22	0.53	0.55	11.79	31.94	0.3	0.21	763	11.71	-1.06	79.95	-0.02	-0.93	84.35	26.78	1.04	1.48	0.02	1.04	-0.83
44	fg3_m13	1	1.47	6	67.82	0.04	0.06	12.21	0.72	0.79	25.21	14.02	0.3	0.48	911	18.12	-5.17	106.18	-0.12	-1.39	82.63	20.95	0.82	0.36	0.12	0.82	0.97
45	fg3_m13	1	1.66	1	84.08	0.03	0.06	9.91	0.7	0.68	4.82	14.23	0.3	0.77	901	17.2	-6.91	92.93	0.02	-1.19	80.05	20.62	1.41	2.1	0.02	1.41	1.99
46	fg3_m13	1	1.66	2	50.18	0.03	0.05	8.43	0.57	0.63	12.87	20.48	0.0	0.77	712	12.18	2.22	90.11	-0.14	-1.04	87.91	26.56	0.98	0.53	0.14	0.98	-0.76
47	fg3_m13	1	1.66	3	61.7	0.03	0.04	11.72	0.39	0.32	2.35	3.66	0.0	0.48	368	8.67	4.5	77.45	-0.01	-1.14	107.06	28.3	0.47	-0.27	0.01	0.47	-0.89
48	fg3_m13	1	1.66	4	72.75	0.06	0.06	8.92	0.25	0.4	3.75	3.5	0.0	0.48	368	10.3	-4.0	34.93	0.01	-1.19	88.06	23.68	0.28	-0.89	0.01	0.28	0.42
49	fg3_m13	1	1.66	5	58.34	0.04	0.06	9.99	0.64	0.62	4.33	9.33	0.0	0.48	995	15.25	-0.07	94.64	0.04	-1.21	80.17	24.33	1.44	2.15	0.04	1.44	0.34
50	fg3_m13	1	1.66	6	75.67	0.03	0.05	7.99	0.61	0.71	6.13	5.95	0.43	0.88	615	13.02	-9.05	81.5	0.09	-0.97	84.78	21.91	0.38	-0.28	0.09	0.38	-0.13
51	fg3_m13	1	1.76	0	75.36	0.03	0.04	7.77	0.4	0.28	6.63	12.56	0.0	0.21	764	11.84	-7.49	64.68	0.05	-1.33	80.19	24.64	1.02	0.49	0.05	1.02	-1.1
52	fg3_m13	1	1.76	1	88.68	0.03	0.04	12.88	0.58	0.64	9.73	22.81	0.0	0.64	615	11.77	-1.01	94.59	0.0	-1.09	94.52	23.59	0.45	0.04	0.0	0.45	-0.48
53	fg3_m13	1	1.76	4	76.02	0.04	0.05	6.74	0.33	0.3	8.69	13.09	0.0	0.21	764	12.09	-0.03	45.39	-0.01	-1.26	75.25	21.29	1.09	0.43	0.01	1.09	-0.43
54	fg3_m13	1	1.76	6	65.75	0.03	0.05	9.07	0.7	0.76	2.18	3.4	0.68	0.48	775	16.8	-13.25	100.02	-0.05	-1.32	84.22	20.6	0.82	0.7	0.05	0.82	0.79
55	fg3_m13	1	1.86	0	83.94	0.04	0.05	10.52	0.37	0.51	9.44	19.16	0.3	0.64	368	10.72	-4.79	51.31	-0.06	-1.35	94.35	25.26	0.69	-0.21	0.06	0.69	0.24
56	fg3_m13	1	1.86	1	82.68	0.03	0.05	11.19	0.67	0.7	3.95	8.47	0.3	0.77	859	15.67	0.24	100.16	-0.05	-1.24	83.7	24.27	1.14	1.29	0.05	1.14	0.32
4	fg3_m12_iso1_rotated	0	0.05	4	10.87	0.38	0.05	8.47	0.26	0.02	23.69	29.58	0.68	0.88	764	13.45	-1.47	20.21	-0.13	-0.75	56.94	15.97	0.07	1.84	0.13	0.07	-0.98
5	fg3_m12_iso1_rotated	0	0.05	5	81.09	0.1	0.07	7.26	0.28	0.05	14.24	18.55	0.68	1.07	764	13.59	-8.34	20.49	0.11	-0.87	58.62	16.35	-0.39	1.13	0.11	0.39	1.61
6	fg3_m12_iso1_rotated	0	0.05	6	45.84	0.19	0.06	6.24	0.26	0.05	22.35	30.51	0.68	1.16	764	13.76	3.28	19.82	-0.17	-0.65	57.03	16.23	-0.2	0.93	0.17	0.2	0.09
11	fg3_m12_iso1_rotated	0	0.1	4	79.97	0.07	0.05	6.13	0.31	-0.02	23.23	31.48	0.3	0.77	764	13.99	-4.67	20.6	-0.0	-0.89	54.87	15.7	-0.11	1.7	0.0	0.11	0.66
12	fg3_m12_iso1_rotated	0	0.1	5	51.02	0.11	0.06	8.02	0.29	0.03	31.57	43.58	0.0	0.64	764	14.12	-3.2	20.59	-0.05	-0.97	55.9	15.35	-0.1	0.73	0.05	0.1	0.9
13	fg3_m12_iso1_rotated	0	0.1	6	80.69	0.08	0.05	6.53	0.3	0.03	25.68	23.48	0.0	0.48	764	13.93	-3.83	20.83	-0.09	-0.71	55.27	14.9	-0.3	0.97	0.09	0.3	1.48
18	fg3_m12_iso1_rotated	0	0.2	4	78.43	0.08	0.06	6.82	0.29	0.01	14.96	24.68	0.3	0.77	764	13.3	-2.3	19.57	-0.04	-0.63	50.86	15.96	-0.13	0.85	0.04	0.13	-0.29
19	fg3_m12_iso1_rotated	0	0.2	5	80.98	0.08	0.07	5.74	0.32	0.03	9.9	14.48	0.3	0.21	764	13.56	-2.91	20.65	0.01	-0.95	51.4	17.06	-0.24	0.75	0.01	0.24	-0.11
20	fg3_m12_iso1_rotated	0	0.2	6	82.16	0.07	0.05	6.25	0.31	0.04	18.61	24.62	0.3	0.88	764	13.61	-4.71	20.96	-0.06	-0.77	51.06	15.54	-0.12	0.8	0.06	0.12	-0.8
25	fg3_m12_iso1_rotated	0	0.29	4	82.36	0.08	0.06	5.77	0.33	0.02	18.42	27.35	0.3	0.77	764	14.55	-1.85	20.59	-0.02	-0.96	50.49	14.99	0.06	0.54	0.02	0.06	-0.58
30	fg3_m12_iso1_rotated	0	0.39	4	54.27	0.1	0.07	6.3	0.32	0.08	29.33	32.23	0.0	0.77	764	13.55	0.79	20.0	-0.13	-0.84	47.75	17.03	0.25	1.54	0.13	0.25	0.25
31	fg3_m12_iso1_rotated	0	0.39	5	19.11	0.28	0.1	6.98	0.35	0.06	20.9	27.01	0.3	0.48	764	13.57	-10.63	19.68	0.14	-0.73	48.25	15.02	-0.1	0.89	0.14	0.1	-0.14
32	fg3_m12_iso1_rotated	0	0.39	6	80.42	0.07	0.06	5.92	0.33	0.05	7.89	12.64	0.43	0.64	764	13.46	-4.4	20.54	0.05	-0.9	49.16	15.22	0.01	1.57	0.05	0.01	0.4
37	fg3_m12_iso1_rotated	0	0.49	4	61.08	0.08	0.08	6.07	0.33	-0.04	22.36	38.42	0.0	0.48	764	14.37	0.78	21.07	-0.06	-0.81	48.75	15.26	-0.14	1.15	0.06	0.14	1.08
38	fg3_m12_iso1_rotated	0	0.49	5	79.87	0.06	0.06	5.56	0.33	-0.02	9.57	19.51	0.43	0.48	764	14.38	-2.24	20.8	0.05	-0.89	49.45	14.96	-0.07	0.94	0.05	0.07	-0.37
39	fg3_m12_iso1_rotated	0	0.49	6	80.55	0.08	0.06	6.57	0.34	0.08	30.58	53.39	0.43	0.88	1256	14.77	-0.36	23.03	-0.16	-0.98	48.86	16.78	-0.04	1.89	0.16	0.04	-1.82
44	fg3_m12_iso1_rotated	0	0.59	4	83.03	0.08	0.06	6.19	0.32	-0.05	31.12	26.64	0.43	0.77	764	13.82	-3.72	19.83	0.11	-0.77	49.7	14.96	0.19	1.52	0.11	0.19	0.92
45	fg3_m12_iso1_rotated	0	0.59	5	85.0	0.07	0.06	5.32	0.32	0.01	11.84	18.18	0.3	0.48	764	13.43	-2.2	21.28	-0.07	-0.89	49.42	15.15	-0.2	1.32	0.07	0.2	-1.05
46	fg3_m12_iso1_rotated	0	0.59	6	84.17	0.07	0.07	5.47	0.34	-0.05	6.22	8.38	0.43	0.64	764	13.95	-2.44	21.64	0.08	-0.95	49.29	14.66	0.08	1.27	0.08	0.08	-0.07
51	fg3_m12_iso1_rotated	0	0.98	4	76.37	0.07	0.05	5.46	0.32	0.08	15.35	24.87	0.3	0.48	764	13.67	-4.77	19.98	0.01	-0.92	49.12	13.6	-0.41	0.96	0.01	0.41	0.38
52	fg3_m12_iso1_rotated	0	0.98	5	79.22	0.08	0.05	5.33	0.34	0.07	12.44	14.35	0.3	0.48	764	13.37	-1.14	20.84	-0.07	-1.0	49.78	12.85	-0.02	0.67	0.07	0.02	1.16
53	fg3_m12_iso1_rotated	0	0.98	6	88.71	0.06	0.05	5.03	0.34	-0.03	17.09	20.78	0.0	0.77	764	14.31	-3.08	21.8	-0.17	-0.82	49.73	13.62	0.05	1.68	0.17	0.05	0.5
58	fg3_m12_iso1_rotated	0	1.96	4	72.01	0.08	0.05	6.93	0.3	0.18	16.96	30.38	0.0	0.64	764	12.93	-3.21	19.99	-0.06	-0.91	52.44	12.05	-0.25	1.47	0.06	0.25	1.06
59	fg3_m12_iso1_rotated	0	1.96	5	86.21	0.06	0.04	4.86	0.29	0.16	15.49	22.12	0.3	0.21	764	12.83	-2.46	20.65	-0.02	-1.09	51.81	12.92	-0.48	2.24	0.02	0.48	-1.88
60	fg3_m12_iso1_rotated	0	1.96	6	79.42	0.06	0.04	5.0	0.32	0.18	10.59	20.03	0.0	0.88	764	14.22	-3.0	20.92	-0.03	-1.02	51.54	12.53	-0.75	2.8	0.03	0.75	1.05
4	fg3_m12_iso0.5_rotated	0	0.05	4	81.08	0.11	0.09	6.0	0.33	0.03	22.9	35.47	0.0	0.48	764	12.69	-5.37	17.73	0.11	-0.79	41.34	15.49	-0.16	0.75	0.11	0.16	-0.22
5	fg3_m12_iso0.5_rotated	0	0.05	5	37.36	0.14	0.07	6.87	0.31	0.01	24.41	28.13	0.3	0.48	764	11.47	-1.19	17.57	-0.21	-0.91	41.72	14.48	-0.01	1.62	0.21	0.01	0.4
6	fg3_m12_iso0.5_rotated	0	0.05	6	15.32	0.5	0.08	7.94	0.3	0.03	36.92	49.26	0.68	0.21	764	11.44	-5.13	17.1	0.11	-0.82	40.3	14.91	-0.39	0.86	0.11	0.39	-0.41
11	fg3_m12_iso0.5_rotated	0	0.1	4	64.69	0.13	0.08	7.4	0.33	0.03	34.35	25.27	0.61	0.48	764	12.03	-3.18	18.52	-0.09	-0.94	40.78	16.29	-0.19	0.56	0.09	0.19	-0.73
12	fg3_m12_iso0.5_rotated	0	0.1	5	3.04	1.04	0.13	7.48	0.38	0.04	40.36	49.04	0.68	0.64	764	12.34	-12.47	16.94	0.39	-0.74	39.93	16.5	-0.09	0.55	0.39	0.09	-1.09
13	fg3_m12_iso0.5_rotated	0	0.1	6	59.61	0.13	0.09	7.14	0.32	0.06	19.46	22.37	0.43	0.88	764	12.59	-4.63	17.27	0.02	-1.01	40.98	16.1	-0.04	0.55	0.02	0.04	-0.52
18	fg3_m12_iso0.5_rotated	0	0.29	4	77.84	0.09	0.07	5.31	0.37	0.02	33.73	43.61	0.61	0.77	764	12.31	-6.64	18.48	-0.06	-0.74	37.21	17.07	-0.18	0.25	0.06	0.18	-0.99
19	fg3_m12_iso0.5_rotated	0	0.29	5	69.15	0.12	0.11	6.19	0.33	0.08	21.61	25.73	0.3	1.07	764	12.59	-0.98	16.98	-0.08	-0.79	37.21	17.42	-0.13	-0.05	0.08	0.13	-0.83
20	fg3_m12_iso0.5_rotated	0	0.29	6	87.18	0.1	0.09	5.63	0.36	0.03	32.45	48.79	0.43	0.48	764	12.15	-1.26	17.9	-0.23	-0.79	35.52	16.43	-0.21	0.03	0.23	0.21	-0.48
25	fg3_m12_iso0.5_rotated	0	0.49	4	81.97	0.11	0.08	6.94	0.35	-0.03	26.53	24.71	0.91	1.44	764	12.06	-3.29	17.73	0.15	-0.8	34.38	16.78	-0.36	-0.24	0.15	0.36	-0.74
26	fg3_m12_iso0.5_rotated	0	0.49	5	25.66	0.17	0.1	6.78	0.32	-0.02	30.26	33.96	1.09	1.07	764	11.89	2.3	16.42	-0.44	-0.65	35.73	16.15	-0.38	0.07	0.44	0.38	-1.77
27	fg3_m12_iso0.5_rotated	0	0.49	6	75.81	0.12	0.12	5.48	0.39	0.02	31.23	34.83	0.86	0.64	764	11.7	-10.0	18.1	0.3	-0.84	35.22	15.75	-0.14	0.36	0.3	0.14	0.34
32	fg3_m12_iso0.5_rotated	0	1.96	6	54.43	0.07	0.07	4.82	0.28	-0.25	13.33	13.46	0.0	0.48	368	11.04	-3.68	13.96	0.06	-0.92	42.48	11.1	-0.41	1.63	0.06	0.41	0.87
0	fg3_m12	1	1.66	0	82.1	0.03	0.03	6.22	0.26	0.26	5.87	10.15	0.0	0.48	368	8.07	0.57	57.11	-0.09	-1.18	102.9	30.83	0.53	-0.46	0.09	0.53	1.92
1	fg3_m12	1	1.66	1	89.42	0.04	0.06	11.78	0.57	0.66	9.61	15.55	0.68	1.07	705	13.5	37.17	86.5	0.01	-0.89	94.88	29.39	1.03	0.68	0.01	1.03	0.62
2	fg3_m12	1	1.66	2	53.43	0.03	0.06	19.53	0.53	0.52	9.06	14.42	0.3	0.48	368	10.65	23.28	81.78	-0.01	-1.05	106.7	29.16	0.62	-0.37	0.01	0.62	-0.37
3	fg3_m12	1	1.66	3	56.94	0.03	0.06	11.47	0.54	0.33	3.41	7.73	0.3	0.48	368	9.51	-70.68	78.22	0.08	-1.1	110.67	33.51	0.67	-0.33	0.08	0.67	0.71
4	fg3_m12	1	1.66	5	58.39	0.03	0.03	8.45	0.62	0.69	16.63	27.46	0.0	0.48	674	13.44	8.14	90.33	-0.04	-1.06	92.8	22.74	0.91	0.42	0.04	0.91	-1.34
5	fg3_m12	1	1.76	0	74.29	0.05	0.07	12.32	0.35	0.19	4.93	12.01	0.43	0.48	368	10.22	8.87	60.65	-0.09	-1.14	110.39	30.54	0.4	-0.37	0.09	0.4	2.26
6	fg3_m12	1	1.76	1	88.74	0.03	0.05	11.68	0.67	0.65	16.74	35.51	0.68	0.21	1174	20.59	54.68	114.34	0.11	-1.46	103.19	26.67	0.63	0.34	0.11	0.63	-0.4
7	fg3_m12	1	1.76	2	54.39	0.03	0.04	14.29	0.65	0.39	13.35	33.54	1.36	0.48	1134	17.14	35.88	97.88	-0.12	-1.19	96.0	30.09	1.43	3.24	0.12	1.43	-1.04
8	fg3_m12	1	1.76	3	56.75	0.04	0.1	17.86	0.61	0.46	16.44	22.39	1.92	0.64	746	13.2	-90.96	86.28	0.11	-0.44	128.14	71.97	1.88	3.26	0.11	1.88	-0.66
9	fg3_m12	1	1.76	4	71.67	0.06	0.06	7.1	0.45	0.21	9.4	15.07	1.09	0.21	1233	16.6	45.39	37.91	-0.0	-1.29	77.15	24.41	0.82	0.07	0.0	0.82	0.5
10	fg3_m12	1	1.76	5	28.07	0.22	0.12	31.5	0.58	0.87	88.61	92.29	2.21	0.48	1295	21.64	-8.26	110.77	0.49	-0.89	130.6	56.04	0.92	0.31	0.49	0.92	0.7
11	fg3_m12	1	1.76	6	22.69	0.38	0.19	53.86	0.73	0.4	22.61	46.8	1.63	0.48	1092	15.72	164.57	126.93	-0.69	-0.33	128.8	65.6	1.19	1.06	0.69	1.19	1.8
12	fg3_m12	1	1.81	0	81.06	0.07	0.03	16.42	0.3	0.32	19.09	28.78	0.43	0.48	368	7.54	19.6	70.96	0.31	-0.96	122.65	23.45	0.03	-0.57	0.31	0.03	1.02
13	fg3_m12	1	1.81	1	81.3	0.07	0.09	36.14	0.55	0.69	13.17	23.14	2.21	0.48	1510	23.46	-19.24	115.07	0.12	-1.09	148.91	40.73	0.66	0.11	0.12	0.66	-0.31
14	fg3_m12	1	1.81	2	71.38	0.04	0.05	24.48	0.55	0.34	15.51	26.25	1.09	0.21	1629	19.48	30.76	129.91	0.32	-1.18	136.39	35.78	0.42	0.16	0.32	0.42	-1.9
15	fg3_m12	1	1.81	3	10.06	0.1	0.16	64.78	0.68	0.22	5.77	14.33	0.43	1.07	1088	15.51	47.7	178.29	0.18	-1.19	166.32	56.71	0.35	-0.47	0.18	0.35	0.43
16	fg3_m12	1	1.81	4	0.76	0.46	0.08	16.45	0.3	0.14	46.74	59.95	3.27	0.77	1658	18.79	-31.59	34.52	-0.75	0.58	100.36	45.1	1.09	0.46	0.75	1.09	-1.14
17	fg3_m12	1	1.81	5	10.53	0.23	0.13	26.33	0.69	0.32	22.18	29.96	2.19	0.64	1119	21.28	-130.05	54.5	0.29	-0.82	138.55	34.73	-0.41	-0.31	0.29	0.41	0.91
18	fg3_m12	1	1.81	6	11.4	0.08	0.08	50.54	0.57	0.48	14.32	21.96	1.21	2.11	1068	16.02	32.82	187.17	0.03	-1.2	178.39	58.86	0.74	1.21	0.03	0.74	0.64
19	fg3_m12	1	1.86	0	60.3	0.05	0.02	12.29	0.3	0.24	3.83	4.91	0.43	0.48	368	9.88	-12.37	50.99	0.26	-1.02	125.56	22.51	-0.32	-0.6	0.26	0.32	1.18
20	fg3_m12	1	1.86	1	81.38	0.05	0.05	14.04	0.48	0.53	6.27	10.68	0.43	0.21	1097	15.22	-3.94	79.17	0.14	-1.1	98.27	28.61	0.61	-0.39	0.14	0.61	1.11
21	fg3_m12	1	1.86	2	51.24	0.05	0.07	11.49	0.42	0.34	6.03	7.9	0.61	0.48	762	13.75	5.66	68.03	-0.09	-1.14	103.14	27.89	0.87	0.86	0.09	0.87	-0.36
22	fg3_m12	1	1.86	3	6.51	0.11	0.07	20.15	0.54	0.71	3.43	10.41	0.91	1.07	1987	24.24	27.62	87.19	-0.02	-1.12	115.2	30.36	0.24	0.23	0.02	0.24	-0.15
23	fg3_m12	1	1.86	4	75.29	0.09	0.03	6.84	0.12	0.34	16.99	14.45	0.3	0.48	368	7.05	-0.91	20.39	0.07	-0.87	104.35	17.9	0.18	-0.75	0.07	0.18	1.35
24	fg3_m12	1	1.86	6	10.89	0.08	0.08	15.86	0.52	0.33	8.54	13.15	3.84	0.77	1369	20.26	57.75	113.58	0.49	-0.88	124.89	48.6	1.3	0.91	0.49	1.3	0.66
25	fg3_m12	1	1.91	0	81.12	0.07	0.03	15.17	0.34	0.09	29.78	27.98	0.3	0.77	368	9.68	-18.56	60.18	-0.25	-1.12	137.66	23.65	-0.27	-0.29	0.25	0.27	0.09
26	fg3_m12	1	1.91	2	28.62	0.06	0.05	11.27	0.39	0.39	9.82	17.74	0.3	0.48	704	11.56	-15.12	61.31	-0.29	-1.22	107.32	29.47	0.46	-0.39	0.29	0.46	0.15
27	fg3_m12	1	1.91	3	55.97	0.08	0.08	16.12	0.5	0.55	21.69	30.26	0.3	0.48	726	14.65	3.25	67.94	-0.04	-1.11	113.89	29.04	0.82	0.33	0.04	0.82	0.47
28	fg3_m12	1	1.91	4	52.94	0.11	0.05	8.69	0.13	0.37	23.59	10.99	0.3	0.48	368	8.76	-6.86	21.59	-0.08	-0.54	113.5	23.42	0.36	-0.38	0.08	0.36	-0.07
29	fg3_m12	1	1.91	6	16.68	0.07	0.06	7.49	0.33	0.15	11.44	13.18	0.3	0.48	360	9.91	2.83	39.22	0.17	-1.31	90.48	19.93	0.63	0.45	0.17	0.63	0.28
30	fg3_m12	1	2.0	0	71.81	0.05	0.05	15.11	0.32	0.45	18.78	13.76	0.0	0.48	368	8.15	-14.18	72.55	-0.31	-1.06	139.26	31.98	0.4	-0.33	0.31	0.4	-0.22
31	fg3_m12	1	2.0	1	9.29	0.4	0.17	9.73	0.56	0.79	49.62	37.63	2.86	0.77	908	45.56	84.2	16.89	-0.06	0.89	107.35	39.19	2.62	8.86	0.06	2.62	-0.93
32	fg3_m12	1	2.0	2	34.54	0.08	0.05	19.43	0.41	0.4	21.06	23.04	0.43	0.21	368	10.36	-36.18	68.14	-0.14	-1.13	132.97	27.46	0.28	-0.39	0.14	0.28	-1.1
33	fg3_m12	1	2.0	3	39.09	0.19	0.05	26.25	0.26	0.52	20.19	9.81	0.3	0.77	368	10.34	1.33	49.41	-0.56	-0.46	160.15	34.88	0.16	-0.96	0.56	0.16	1.6
34	fg3_m12	1	2.0	4	18.33	0.62	0.06	8.57	0.13	-0.3	30.3	21.66	0.0	0.48	368	7.82	-15.96	14.03	0.21	0.07	114.88	24.55	0.58	-0.16	0.21	0.58	0.56
35	fg3_m12	1	2.0	5	17.21	0.17	0.07	14.06	0.62	0.88	44.06	26.97	3.35	0.48	886	118.35	-69.21	80.32	0.16	-1.42	132.59	31.1	0.69	0.19	0.16	0.69	0.9
36	fg3_m12	1	2.0	6	2.16	0.11	0.07	18.55	0.66	0.52	12.5	12.91	1.63	0.21	716	16.05	-108.96	43.79	0.23	-0.05	120.08	29.84	0.15	-0.26	0.23	0.15	1.13
37	fg3_m12	1	2.05	0	64.57	0.04	0.05	22.28	0.41	0.51	24.68	29.03	0.61	1.3	762	11.38	-6.32	76.15	0.1	-0.99	155.52	34.18	0.28	-0.76	0.1	0.28	0.07
38	fg3_m12	1	2.05	1	74.57	0.1	0.07	20.13	0.19	0.37	48.13	48.16	0.43	1.07	368	7.78	12.99	62.99	0.05	-0.77	192.66	42.73	0.2	-0.89	0.05	0.2	-0.14
39	fg3_m12	1	2.05	2	26.6	0.09	0.05	23.31	0.29	0.1	25.06	20.72	0.0	0.77	368	7.56	3.08	83.08	-0.66	-0.72	177.79	34.61	-0.05	-0.88	0.66	0.05	0.17
40	fg3_m12	1	2.05	3	6.04	0.08	0.04	22.22	0.31	0.44	3.73	4.21	0.3	0.88	368	9.11	8.78	80.27	0.61	-0.54	184.79	43.02	-0.44	-0.69	0.61	0.44	0.68
41	fg3_m12	1	2.05	4	56.96	0.11	0.07	15.95	0.22	0.35	54.23	28.51	0.3	1.07	368	6.76	0.42	45.41	0.48	-0.71	159.24	36.14	0.01	-0.5	0.48	0.01	0.39
42	fg3_m12	1	2.05	5	53.49	0.14	0.06	39.88	0.42	0.6	27.1	17.49	1.25	1.73	736	11.58	-22.28	88.12	-0.59	-0.47	160.9	30.87	0.45	-0.22	0.59	0.45	-0.08
43	fg3_m12	1	2.05	6	36.49	0.16	0.05	33.25	0.35	0.49	26.02	28.22	0.61	1.07	705	13.47	25.46	87.23	0.6	-0.83	168.21	28.23	0.59	-0.01	0.6	0.59	-0.05
44	fg3_m12	1	2.15	0	63.43	0.06	0.02	17.53	0.3	0.33	28.94	32.37	0.0	0.48	368	9.53	-32.22	64.04	-0.32	-0.38	166.34	21.3	-0.27	0.11	0.32	0.27	0.94
45	fg3_m12	1	2.15	1	6.78	0.54	0.06	11.8	0.09	-0.22	27.06	22.95	0.3	0.64	368	6.75	-21.52	40.53	-0.32	-0.52	156.91	27.29	0.14	-0.3	0.32	0.14	1.1
46	fg3_m12	1	2.15	2	6.7	0.07	0.02	13.13	0.22	0.19	12.43	13.91	0.0	0.48	368	9.08	-2.62	46.83	-0.15	-1.01	154.53	24.47	-0.17	-0.57	0.15	0.17	1.39
47	fg3_m12	1	2.15	3	13.47	0.11	0.07	14.76	0.19	0.41	13.08	11.53	0.61	0.77	368	7.7	-10.12	54.13	-0.18	-1.02	176.92	43.71	1.22	1.12	0.18	1.22	0.56
48	fg3_m12	1	2.15	4	79.87	0.08	0.02	8.78	0.15	0.21	34.86	13.44	0.3	0.77	368	8.02	0.66	31.98	0.1	-0.84	152.52	28.14	0.05	-0.31	0.1	0.05	0.08
49	fg3_m12	1	2.15	5	45.7	0.06	0.02	15.5	0.29	0.51	34.69	41.45	0.0	0.48	761	11.6	10.89	60.64	0.54	-0.11	146.02	26.18	0.09	-0.38	0.54	0.09	-2.0
50	fg3_m12	1	2.15	6	11.01	0.09	0.07	13.25	0.19	0.48	27.66	23.37	0.0	0.48	368	8.11	12.9	57.33	0.02	-0.16	162.27	34.38	0.86	0.55	0.02	0.86	-0.66
51	fg3_m12	1	2.2	1	58.4	0.28	0.05	10.9	0.09	0.17	44.27	36.85	0.43	0.77	368	7.55	-3.43	34.29	-0.03	-0.3	154.14	28.58	0.59	-0.01	0.03	0.59	0.79
52	fg3_m12	1	2.2	2	11.22	0.05	0.03	11.66	0.23	0.18	5.96	5.7	0.3	0.48	368	9.39	9.94	51.26	0.06	-1.21	159.79	25.17	-0.14	-0.4	0.06	0.14	-0.51
53	fg3_m12	1	2.2	3	10.67	0.13	0.06	19.65	0.12	0.39	46.77	32.36	0.0	0.21	368	4.54	-11.83	62.92	-0.34	-0.81	180.78	45.65	0.64	-0.29	0.34	0.64	-0.57
54	fg3_m12	1	2.2	4	59.83	0.12	0.04	10.62	0.14	-0.26	28.89	28.73	0.43	0.48	368	8.83	-8.27	28.42	0.02	-0.83	146.61	28.86	0.32	-0.52	0.02	0.32	-1.86
55	fg3_m12	1	2.2	5	44.19	0.06	0.03	16.29	0.29	0.51	21.93	31.66	0.0	0.48	763	12.25	2.05	57.27	0.41	-0.14	145.12	26.75	0.28	-0.61	0.41	0.28	-0.69
56	fg3_m12	1	2.2	6	29.0	0.1	0.05	13.34	0.18	0.47	22.23	16.9	0.0	0.48	368	8.93	-10.69	54.4	-0.39	-0.1	163.73	35.23	0.76	-0.17	0.39	0.76	0.24
57	fg3_m12	1	2.25	0	71.79	0.08	0.04	15.52	0.27	0.46	51.68	41.34	0.0	0.48	368	11.11	12.23	54.31	0.1	-0.71	163.41	28.75	0.24	-0.49	0.1	0.24	-0.19
58	fg3_m12	1	2.25	1	5.28	0.7	0.05	10.02	0.11	0.3	28.79	13.73	0.0	0.21	368	8.21	7.06	34.76	-0.2	-0.16	157.4	28.71	0.58	0.0	0.2	0.58	-1.41
59	fg3_m12	1	2.25	2	7.83	0.05	0.02	12.76	0.2	0.1	20.05	22.79	0.3	0.48	368	7.87	13.31	53.72	0.05	-0.96	164.68	26.43	0.09	-0.65	0.05	0.09	-0.08
60	fg3_m12	1	2.25	4	65.73	0.09	0.04	7.3	0.13	0.19	41.38	27.2	0.0	0.77	368	9.96	-6.98	24.16	0.01	-0.81	144.21	27.3	0.28	-0.34	0.01	0.28	1.25
61	fg3_m12	1	2.25	5	35.72	0.05	0.02	18.45	0.33	0.54	23.75	37.13	0.3	0.48	762	12.79	-3.37	60.37	0.45	-0.36	148.98	26.33	0.49	-0.55	0.45	0.49	-1.79
62	fg3_m12	1	2.25	6	11.09	0.18	0.06	27.03	0.27	0.55	53.0	59.5	0.3	1.07	760	12.21	-26.26	52.3	0.03	-0.34	149.55	25.54	0.58	-0.22	0.03	0.58	-0.74
63	fg3_m12	1	2.35	0	83.15	0.09	0.04	16.92	0.21	0.5	30.84	26.53	0.0	0.48	368	8.22	-1.17	59.29	0.46	-0.27	165.54	31.03	0.5	-0.47	0.46	0.5	0.33
64	fg3_m12	1	2.35	2	2.86	0.05	0.04	8.5	0.12	0.08	10.13	11.82	0.43	0.48	368	5.93	-6.15	51.99	-0.03	-1.01	165.7	36.93	0.61	-0.33	0.03	0.61	0.44
65	fg3_m12	1	2.35	3	6.84	0.11	0.05	10.39	0.08	0.42	18.16	14.44	0.3	0.48	368	4.96	5.52	58.9	0.24	-0.51	176.0	37.07	0.42	-0.66	0.24	0.42	0.51
66	fg3_m12	1	2.35	4	66.51	0.07	0.03	7.7	0.16	0.22	10.84	9.41	0.3	0.48	368	10.21	-17.04	28.14	-0.02	-0.69	143.32	24.12	0.04	-0.55	0.02	0.04	0.09
67	fg3_m12	1	2.35	5	34.91	0.04	0.03	16.77	0.34	0.5	8.18	18.88	0.3	0.48	763	11.63	-19.25	63.7	0.24	-0.59	144.23	25.21	0.5	-0.38	0.24	0.5	1.34
68	fg3_m12	1	2.35	6	25.77	0.07	0.03	10.34	0.15	0.53	41.5	32.89	0.3	0.48	368	7.61	-9.76	51.13	-0.39	0.23	161.32	24.06	0.07	-0.73	0.39	0.07	1.08
69	fg3_m12	1	2.44	0	71.7	0.06	0.05	10.65	0.23	0.45	17.74	9.35	0.43	0.21	368	8.04	-11.96	64.92	0.13	-0.39	169.85	32.11	0.5	-0.3	0.13	0.5	-0.03
71	fg3_m12	1	2.54	0	76.19	0.06	0.05	14.71	0.18	0.46	32.35	35.53	0.43	0.64	368	6.75	-10.44	63.28	0.18	-0.44	167.96	34.67	0.63	-0.06	0.18	0.63	-0.14
72	fg3_m12	1	2.54	1	26.91	0.15	0.05	12.26	0.04	0.14	32.67	22.9	0.0	0.21	368	4.69	-6.17	43.39	-0.02	-0.64	161.17	38.18	0.68	-0.38	0.02	0.68	-0.8
73	fg3_m12	1	2.54	2	12.57	0.04	0.05	11.16	0.24	0.16	4.36	5.25	0.43	0.21	368	8.83	-15.11	55.65	0.05	-0.96	157.54	26.64	0.31	-0.47	0.05	0.31	-0.4
74	fg3_m12	1	2.54	3	1.79	0.07	0.06	15.55	0.25	0.5	19.68	27.01	0.3	0.21	368	8.81	-5.42	61.2	-0.02	-0.47	168.18	31.76	0.6	-0.48	0.02	0.6	-0.47
75	fg3_m12	1	2.54	4	56.22	0.06	0.02	8.01	0.17	0.15	7.77	8.63	0.3	0.77	368	9.47	-11.64	31.76	0.15	-0.77	145.27	25.49	0.11	-0.45	0.15	0.11	0.88
76	fg3_m12	1	2.54	5	28.98	0.05	0.05	14.4	0.29	0.51	9.7	14.45	0.0	0.48	368	10.69	-9.69	62.77	-0.03	-0.79	165.32	31.52	0.44	-0.42	0.03	0.44	-1.13
77	fg3_m12	1	2.54	6	23.06	0.04	0.02	9.47	0.3	0.51	8.41	13.04	0.3	0.48	764	12.07	6.46	58.84	0.25	-0.39	143.7	18.99	-0.04	-0.45	0.25	0.04	-1.32
78	fg3_m12	1	2.59	0	77.33	0.07	0.06	21.11	0.14	0.5	40.12	28.32	0.43	0.21	368	5.58	-12.88	62.8	0.12	-0.44	171.96	37.72	0.72	-0.44	0.12	0.72	1.93
79	fg3_m12	1	2.59	1	62.32	0.12	0.05	10.75	0.09	0.16	35.63	11.18	0.0	0.48	368	3.81	-20.79	43.47	0.06	-0.75	162.95	38.8	0.67	-0.19	0.06	0.67	0.48
80	fg3_m12	1	2.59	2	1.43	0.05	0.03	11.35	0.26	0.13	3.38	4.75	0.3	0.48	368	9.22	-23.52	51.06	0.02	-0.96	154.24	26.56	0.12	-0.56	0.02	0.12	0.52
81	fg3_m12	1	2.59	3	10.69	0.06	0.05	9.22	0.26	0.45	9.08	11.37	0.43	0.48	368	8.66	-0.51	63.0	-0.04	-0.38	163.49	29.9	0.44	-0.58	0.04	0.44	0.24
82	fg3_m12	1	2.59	4	81.17	0.05	0.04	6.89	0.22	0.13	7.46	6.73	0.43	0.77	368	9.54	-21.95	32.9	0.17	-0.88	144.29	25.15	0.06	-0.54	0.17	0.06	-0.19
83	fg3_m12	1	2.59	5	35.25	0.06	0.03	9.78	0.22	0.45	4.77	6.79	0.3	0.48	368	7.79	-14.6	67.86	-0.03	-0.79	166.77	33.82	0.53	-0.48	0.03	0.53	2.43
84	fg3_m12	1	2.59	6	20.0	0.04	0.02	8.34	0.28	0.5	13.8	20.93	0.43	0.48	761	11.99	12.22	60.83	0.03	-0.17	143.15	18.81	0.08	-0.3	0.03	0.08	-0.23
85	fg3_m12	1	2.69	0	75.07	0.04	0.05	17.23	0.15	0.49	5.53	9.89	0.3	0.21	368	5.75	2.62	66.92	0.03	-0.41	173.99	32.9	0.61	-0.55	0.03	0.61	0.34
86	fg3_m12	1	2.69	1	0.39	0.26	0.06	10.87	0.09	0.21	30.48	40.39	0.0	0.21	368	4.74	-6.8	48.19	0.11	-0.66	161.13	37.12	0.54	-0.47	0.11	0.54	0.89
87	fg3_m12	1	2.69	2	15.54	0.05	0.05	8.89	0.26	0.16	7.13	8.85	0.61	0.88	368	9.73	-10.34	51.34	-0.05	-1.13	153.42	29.18	-0.08	-0.7	0.05	0.08	-0.67
88	fg3_m12	1	2.69	4	48.8	0.07	0.03	7.59	0.2	0.09	5.2	5.24	0.0	0.48	368	9.23	-23.89	33.74	0.16	-1.04	143.11	25.64	0.08	-0.44	0.16	0.08	-0.0
89	fg3_m12	1	2.69	5	17.24	0.07	0.05	19.58	0.14	0.51	26.32	29.01	0.3	0.21	368	6.35	-19.76	67.9	-0.09	-0.57	167.94	35.69	0.52	-0.41	0.09	0.52	1.94
90	fg3_m12	1	2.69	6	20.14	0.05	0.03	12.13	0.32	0.59	11.55	16.11	0.0	0.21	757	14.24	11.96	57.04	-0.08	-0.22	142.64	17.37	0.42	-0.29	0.08	0.42	1.03
91	fg3_m12	1	2.79	0	71.6	0.04	0.03	16.61	0.19	0.44	20.24	15.83	0.3	0.48	368	6.51	-6.97	68.12	0.18	-0.62	170.05	31.01	0.46	-0.53	0.18	0.46	-0.66
92	fg3_m12	1	2.79	1	9.54	0.26	0.05	8.12	0.1	0.22	33.49	18.2	0.0	0.48	368	5.07	-15.41	48.72	0.23	-0.73	162.33	36.23	0.58	-0.53	0.23	0.58	-0.94
93	fg3_m12	1	2.79	2	19.48	0.08	0.05	14.22	0.25	0.21	12.28	12.38	0.68	0.21	368	9.42	-22.6	51.41	0.03	-1.05	152.91	29.19	0.1	-0.71	0.03	0.1	-1.32
94	fg3_m12	1	2.79	3	13.8	0.05	0.04	15.54	0.33	0.47	7.63	12.72	0.43	0.88	762	11.36	20.5	72.28	0.05	-0.47	150.37	24.33	0.94	0.1	0.05	0.94	-0.83
95	fg3_m12	1	2.79	4	48.37	0.07	0.03	8.71	0.18	0.06	16.39	10.68	0.43	0.48	368	9.52	-22.6	32.54	-0.1	-1.12	143.43	25.0	0.42	-0.47	0.1	0.42	-0.83
96	fg3_m12	1	2.79	5	8.24	0.07	0.05	13.66	0.12	0.46	12.13	5.09	0.0	0.48	368	5.99	-28.24	64.95	-0.07	-0.51	169.66	37.55	0.48	-0.63	0.07	0.48	-0.09
97	fg3_m12	1	2.79	6	24.47	0.03	0.03	8.89	0.31	0.57	34.15	31.52	0.43	0.77	752	12.38	7.78	60.45	-0.09	-0.39	147.39	18.17	0.58	-0.35	0.09	0.58	-0.57
98	fg3_m12	1	3.62	0	53.71	0.06	0.04	17.29	0.21	0.5	8.75	7.69	0.3	0.48	368	7.39	-8.14	72.83	-0.04	-0.68	166.44	34.24	0.47	-0.56	0.04	0.47	-2.46
99	fg3_m12	1	3.62	3	4.23	0.06	0.03	10.41	0.35	0.48	8.22	8.68	0.0	0.77	368	10.56	13.78	68.2	-0.15	-0.55	162.7	22.71	0.3	-0.37	0.15	0.3	1.21
100	fg3_m12	1	3.62	5	53.29	0.04	0.03	22.16	0.38	0.45	2.81	4.79	0.0	0.21	368	11.1	-21.95	75.16	0.04	-0.75	161.7	26.93	0.31	-0.94	0.04	0.31	0.54
101	fg3_m12	1	3.62	6	28.67	0.05	0.02	10.21	0.28	0.49	12.42	21.69	0.0	0.77	740	12.34	3.38	57.19	0.09	-0.51	146.63	14.35	0.41	-0.26	0.09	0.41	-0.79
102	fg3_m12	1	4.6	0	72.05	0.04	0.04	16.91	0.32	0.47	24.94	16.38	0.0	0.48	368	9.71	-3.15	71.89	0.02	-0.78	161.87	30.32	0.49	-0.57	0.02	0.49	1.02
103	fg3_m12	1	4.6	2	3.86	0.05	0.05	8.87	0.22	0.1	7.51	8.54	0.3	0.48	368	8.79	-15.29	52.72	0.06	-1.1	157.9	35.11	0.79	-0.06	0.06	0.79	0.6
104	fg3_m12	1	4.6	3	21.22	0.06	0.06	11.52	0.3	0.52	23.1	19.43	0.43	0.77	368	10.12	4.67	66.85	-0.06	-0.46	166.55	28.67	0.82	-0.18	0.06	0.82	0.34
105	fg3_m12	1	4.6	4	54.41	0.09	0.05	8.85	0.14	-0.1	9.98	7.3	0.3	0.48	368	7.66	-15.06	32.48	0.05	-1.08	151.89	37.29	1.03	0.1	0.05	1.03	-1.73
106	fg3_m12	1	4.6	5	24.0	0.04	0.05	22.42	0.27	0.48	6.55	9.31	0.43	0.21	368	8.28	-30.63	69.26	0.09	-0.53	167.58	33.18	0.74	-0.37	0.09	0.74	0.21
107	fg3_m12	1	4.6	6	27.03	0.03	0.04	10.45	0.31	0.52	31.48	28.1	0.0	0.64	711	11.94	0.36	66.24	0.03	-0.28	149.77	16.73	0.49	0.57	0.03	0.49	-0.25
108	fg3_m12	1	5.18	0	59.83	0.05	0.04	13.53	0.25	0.45	31.3	34.39	0.0	0.64	368	8.43	-9.1	72.07	-0.01	-0.79	167.04	33.4	0.8	-0.33	0.01	0.8	-0.04
109	fg3_m12	1	5.18	1	53.09	0.05	0.05	11.99	0.22	0.26	15.48	19.77	0.61	0.21	368	8.06	-8.57	58.62	-0.11	-1.06	160.49	30.86	0.68	-0.38	0.11	0.68	0.43
110	fg3_m12	1	5.18	2	15.01	0.12	0.02	9.54	0.14	0.14	26.41	9.75	0.3	0.21	368	7.22	-16.87	43.36	0.08	-0.83	151.32	24.49	0.33	-0.82	0.08	0.33	-0.53
111	fg3_m12	1	5.18	3	19.89	0.07	0.06	13.66	0.31	0.49	23.24	20.58	0.0	0.48	368	10.97	9.15	62.61	-0.18	-0.2	163.74	23.6	0.78	0.13	0.18	0.78	-0.58
112	fg3_m12	1	5.18	4	17.76	0.08	0.04	7.67	0.16	-0.05	16.02	4.38	0.3	0.48	368	7.66	-19.18	34.48	0.09	-1.01	152.74	36.24	0.88	-0.13	0.09	0.88	0.11
113	fg3_m12	1	5.18	5	62.37	0.05	0.05	20.8	0.3	0.44	10.79	13.27	0.3	0.48	368	8.96	-26.92	68.56	0.04	-0.72	166.94	34.85	0.68	-0.47	0.04	0.68	-1.68
114	fg3_m12	1	5.18	6	23.7	0.03	0.03	8.46	0.28	0.52	32.1	24.63	0.0	0.64	368	10.78	4.18	55.05	0.11	-0.23	160.68	18.33	0.51	-0.5	0.11	0.51	-1.69
115	fg3_m12	1	5.57	0	66.25	0.04	0.03	17.46	0.22	0.49	11.82	11.14	0.3	0.48	368	8.37	-20.18	67.86	0.07	-0.73	163.04	30.84	0.44	-0.81	0.07	0.44	-1.52
116	fg3_m12	1	5.57	1	64.46	0.06	0.04	9.91	0.25	0.24	11.67	14.02	0.3	0.77	368	9.01	-12.78	60.57	-0.06	-1.0	161.79	34.42	0.59	-0.59	0.06	0.59	0.79
117	fg3_m12	1	5.57	2	34.84	0.06	0.08	12.53	0.19	0.13	8.57	6.38	0.3	0.48	368	7.65	-19.31	42.76	0.15	-0.96	157.25	37.14	0.89	-0.22	0.15	0.89	0.8
118	fg3_m12	1	5.57	3	20.35	0.08	0.06	14.53	0.28	0.48	20.12	25.17	0.43	0.48	368	10.31	16.65	60.23	-0.03	-0.22	164.8	25.35	0.86	0.09	0.03	0.86	2.87
119	fg3_m12	1	5.57	6	28.58	0.04	0.03	11.98	0.29	0.51	31.88	29.49	0.3	0.64	368	10.54	4.08	59.7	0.17	-0.25	165.01	24.32	1.03	0.33	0.17	1.03	0.82
120	fg3_m12	1	6.06	0	68.38	0.05	0.04	13.31	0.45	0.4	15.09	27.37	0.68	0.77	1043	28.2	-8.65	87.35	-0.02	-1.39	145.5	23.75	1.72	3.15	0.02	1.72	-1.01
121	fg3_m12	1	6.06	1	62.17	0.03	0.02	10.38	0.41	0.66	4.39	9.91	0.3	0.21	1098	28.74	-17.76	74.31	-0.01	-1.33	137.37	22.98	1.49	1.85	0.01	1.49	0.25
122	fg3_m12	1	6.06	2	16.29	0.06	0.04	12.23	0.19	0.09	5.83	7.59	0.0	0.21	368	7.9	-26.59	44.27	-0.01	-1.0	156.35	30.47	0.74	-0.34	0.01	0.74	-1.07
123	fg3_m12	1	6.06	3	28.87	0.08	0.04	18.83	0.45	0.84	11.84	12.75	0.0	0.77	967	35.77	14.36	88.72	0.01	-1.14	148.61	20.96	1.74	2.83	0.01	1.74	-0.56
124	fg3_m12	1	6.06	5	51.18	0.05	0.06	19.02	0.28	0.48	43.93	61.13	0.0	0.64	368	9.34	-14.2	67.35	-0.07	-0.47	165.1	29.0	0.68	-0.36	0.07	0.68	1.38
125	fg3_m12	1	6.06	6	28.49	0.03	0.03	10.37	0.34	0.5	5.23	9.52	0.3	0.48	692	11.75	9.3	74.28	0.07	-0.46	149.79	18.94	1.13	1.02	0.07	1.13	-0.26
126	fg3_m12	1	0.05	0	47.46	0.03	0.07	7.44	0.56	0.15	1.12	3.53	0.3	0.48	764	14.45	-2.12	51.91	-0.04	-1.11	62.92	19.39	0.09	0.89	0.04	0.09	-0.39
127	fg3_m12	1	0.05	1	64.09	0.05	0.08	13.04	0.86	0.85	2.98	1.7	0.3	0.48	913	23.5	-95.11	109.56	-0.0	-1.42	53.68	18.24	-0.06	1.02	0.0	0.06	0.79
128	fg3_m12	1	0.05	2	59.37	0.04	0.07	11.12	0.86	0.83	6.57	5.85	0.3	0.21	1013	24.42	25.97	109.99	-0.01	-1.38	56.89	19.14	-0.21	0.55	0.01	0.21	-0.71
129	fg3_m12	1	0.05	4	56.77	0.03	0.08	8.98	0.78	0.21	8.47	22.47	0.3	0.48	1256	15.14	-88.53	70.27	-0.04	-1.13	62.27	22.49	0.33	0.77	0.04	0.33	-1.18
130	fg3_m12	1	0.05	5	51.6	0.02	0.06	12.27	0.74	0.41	3.06	7.61	0.43	0.21	1256	16.68	23.5	85.79	-0.03	-1.1	59.57	20.7	0.15	0.22	0.03	0.15	-0.26
131	fg3_m12	1	0.05	6	84.64	0.03	0.07	10.38	0.85	0.85	0.67	2.59	0.61	0.77	985	22.87	55.33	114.45	-0.04	-1.42	53.55	22.83	1.9	15.66	0.04	1.9	-0.87
132	fg3_m12	1	0.1	0	47.36	0.03	0.07	7.8	0.58	0.12	3.84	18.0	0.43	0.21	1256	14.88	3.73	59.6	-0.07	-1.19	58.25	20.57	-0.02	0.45	0.07	0.02	-0.83
133	fg3_m12	1	0.1	1	66.11	0.06	0.09	11.07	0.87	0.85	4.26	2.4	0.0	0.48	895	22.9	-100.57	113.89	0.01	-1.43	54.67	18.17	-0.06	0.53	0.01	0.06	-0.05
134	fg3_m12	1	0.1	2	56.67	0.05	0.09	11.95	0.87	0.83	2.52	2.74	0.0	0.21	985	23.8	27.91	116.16	-0.02	-1.38	56.85	18.08	-0.16	0.6	0.02	0.16	-0.31
135	fg3_m12	1	0.1	3	80.36	0.03	0.07	8.93	0.78	0.29	6.02	15.85	0.3	0.48	1256	16.25	76.61	81.55	-0.04	-1.14	60.42	22.45	0.2	0.78	0.04	0.2	-0.79
136	fg3_m12	1	0.1	4	55.22	0.03	0.1	8.7	0.79	0.21	1.78	6.94	1.36	0.77	1256	15.24	-94.92	71.85	0.01	-1.2	61.6	24.92	0.15	0.32	0.01	0.15	0.14
137	fg3_m12	1	0.1	5	53.06	0.02	0.06	12.53	0.76	0.4	2.71	7.04	0.0	0.21	1256	16.85	22.72	88.78	-0.02	-1.1	58.71	22.09	0.22	0.11	0.02	0.22	-0.87
138	fg3_m12	1	0.1	6	85.25	0.04	0.08	11.27	0.86	0.84	4.5	9.44	0.43	1.07	970	22.09	59.01	119.23	-0.01	-1.42	54.52	18.59	-0.14	0.78	0.01	0.14	1.01
139	fg3_m12	1	0.2	0	49.18	0.03	0.08	6.08	0.58	0.15	3.11	8.78	0.68	0.64	764	13.87	-3.87	54.31	0.01	-1.19	61.47	19.95	0.02	0.5	0.01	0.02	-1.3
140	fg3_m12	1	0.2	1	74.79	0.05	0.09	19.09	0.87	0.85	5.05	2.69	0.3	0.48	872	23.39	-113.93	114.37	0.07	-1.31	53.77	20.84	0.19	1.23	0.07	0.19	1.3
141	fg3_m12	1	0.2	2	60.89	0.05	0.07	11.18	0.87	0.82	3.89	4.0	0.3	0.21	999	23.98	23.95	115.66	-0.01	-1.37	57.49	16.57	-0.11	0.94	0.01	0.11	1.2
142	fg3_m12	1	0.2	3	77.8	0.04	0.09	14.73	0.8	0.31	4.9	11.26	1.55	0.48	1256	15.54	95.36	79.64	-0.05	-1.14	60.54	25.4	0.54	1.48	0.05	0.54	-1.19
143	fg3_m12	1	0.2	4	55.77	0.03	0.09	8.6	0.83	0.23	2.61	8.62	0.91	0.64	764	14.14	-105.87	63.75	-0.05	-1.18	65.23	24.56	-0.13	0.09	0.05	0.13	0.19
144	fg3_m12	1	0.2	5	53.34	0.03	0.07	11.97	0.76	0.42	1.67	8.3	0.68	0.48	1256	17.25	25.56	86.41	-0.06	-1.14	56.63	22.34	0.1	0.04	0.06	0.1	-0.53
145	fg3_m12	1	0.2	6	84.0	0.04	0.08	11.81	0.86	0.86	1.04	1.92	0.68	0.77	964	22.79	76.12	119.1	-0.06	-1.39	53.94	19.49	-0.35	0.94	0.06	0.35	2.12
146	fg3_m12	1	0.29	0	50.99	0.03	0.08	7.43	0.58	0.11	3.18	12.61	0.61	0.21	764	14.52	1.94	53.49	-0.06	-1.2	60.45	20.67	-0.01	0.57	0.06	0.01	-1.82
147	fg3_m12	1	0.29	1	65.8	0.05	0.08	11.65	0.87	0.84	4.89	4.82	0.68	0.77	879	22.59	-132.11	120.31	-0.12	-0.0	59.66	48.51	6.11	46.17	0.12	6.11	-1.15
148	fg3_m12	1	0.29	2	58.84	0.04	0.08	12.91	0.86	0.81	4.11	3.91	0.3	0.21	1054	23.65	13.32	117.53	-0.0	-1.36	56.72	19.2	0.15	0.37	0.0	0.15	-1.57
149	fg3_m12	1	0.29	3	77.33	0.03	0.09	10.03	0.86	0.29	8.95	14.91	1.52	0.48	1256	16.45	125.7	79.38	-0.04	-1.15	62.54	26.74	0.24	0.39	0.04	0.24	-0.86
150	fg3_m12	1	0.29	4	57.39	0.04	0.1	8.33	0.86	0.18	2.54	7.2	1.25	0.88	764	14.66	-123.39	62.26	-0.03	-1.14	67.77	24.25	0.04	0.19	0.03	0.04	-0.42
151	fg3_m12	1	0.29	5	51.23	0.03	0.07	12.29	0.75	0.41	4.19	13.52	0.61	0.21	1256	16.19	13.78	89.29	-0.04	-1.09	57.56	23.19	-0.23	0.07	0.04	0.23	0.0
152	fg3_m12	1	0.39	0	63.33	0.03	0.07	7.39	0.57	0.37	3.03	8.65	0.3	0.21	1256	15.57	-1.55	58.27	0.0	-1.19	60.74	22.09	0.21	0.64	0.0	0.21	0.23
153	fg3_m12	1	0.39	1	63.82	0.05	0.08	17.05	0.91	0.49	3.28	6.49	1.52	0.21	1378	20.31	233.33	109.57	-0.12	-1.29	89.15	52.74	1.62	3.43	0.12	1.62	1.02
154	fg3_m12	1	0.39	2	71.97	0.04	0.08	15.82	0.79	0.67	3.59	9.8	0.61	2.16	1577	22.49	-52.3	126.12	0.32	-0.78	65.3	24.06	0.41	0.57	0.32	0.41	0.88
155	fg3_m12	1	0.39	3	75.86	0.03	0.1	8.94	0.93	0.41	24.83	54.21	1.92	0.21	1858	20.17	189.92	76.41	0.06	-1.02	64.22	34.13	0.79	0.31	0.06	0.79	-0.6
156	fg3_m12	1	0.39	4	58.55	0.03	0.1	10.05	0.81	0.21	3.22	9.76	0.68	0.48	1876	20.42	-106.5	82.07	0.05	-1.37	64.29	25.76	0.42	0.15	0.05	0.42	-1.04
157	fg3_m12	1	0.39	5	45.96	0.03	0.07	12.25	0.8	0.32	13.49	39.53	1.21	0.77	2449	21.42	-48.63	121.28	-0.1	-1.35	61.38	23.42	0.31	0.31	0.1	0.31	-1.62
158	fg3_m12	1	0.59	0	57.72	0.04	0.07	10.97	0.34	0.37	3.35	3.98	0.3	0.64	368	11.13	-3.32	55.79	0.0	-1.17	89.36	22.22	0.3	-0.38	0.0	0.3	0.29
159	fg3_m12	1	0.59	1	76.79	0.06	0.09	14.57	0.66	0.78	38.24	32.15	0.61	1.07	507	14.2	-23.96	94.76	-0.09	-1.3	95.66	26.97	-0.01	-0.41	0.09	0.01	-0.52
160	fg3_m12	1	0.59	2	63.68	0.04	0.07	14.09	0.71	0.59	11.09	17.8	0.61	0.48	746	14.26	-52.6	89.9	0.11	-0.96	87.51	24.59	0.15	-0.57	0.11	0.15	-0.31
161	fg3_m12	1	0.59	3	72.39	0.05	0.06	13.4	0.65	0.51	3.92	11.38	0.43	0.48	749	13.69	61.48	81.29	-0.09	-1.17	81.06	30.11	0.44	-0.59	0.09	0.44	-0.95
162	fg3_m12	1	0.59	4	89.63	0.07	0.06	12.83	0.42	0.28	36.26	36.42	0.43	1.16	368	11.01	-19.11	61.28	-0.15	-1.19	90.72	23.87	0.45	-0.07	0.15	0.45	0.23
163	fg3_m12	1	0.59	5	44.39	0.05	0.05	19.29	0.59	0.43	7.27	11.38	0.43	0.48	764	11.59	-58.4	83.43	0.33	-0.77	90.26	26.64	0.06	-0.68	0.33	0.06	1.06
164	fg3_m12	1	0.59	6	83.75	0.04	0.07	13.24	0.75	0.88	4.13	12.92	1.25	0.48	1069	21.28	34.02	105.93	0.13	-1.04	74.59	30.68	0.24	-0.33	0.13	0.24	1.32
165	fg3_m12	1	0.78	0	72.35	0.07	0.1	10.53	0.25	-0.18	10.91	16.46	0.0	0.48	368	7.93	10.31	50.7	-0.18	-1.17	98.22	30.16	0.95	0.2	0.18	0.95	1.0
166	fg3_m12	1	0.78	1	77.07	0.03	0.03	11.27	0.61	0.66	7.81	7.63	0.3	1.07	629	13.89	-12.96	83.43	-0.11	-1.09	86.5	21.83	0.42	-0.38	0.11	0.42	1.19
167	fg3_m12	1	0.78	2	58.42	0.03	0.05	20.42	0.49	0.67	7.27	7.34	0.3	0.21	368	9.12	-18.97	81.54	-0.06	-0.98	105.16	21.21	0.32	-0.39	0.06	0.32	-0.08
168	fg3_m12	1	0.78	3	67.4	0.04	0.05	11.85	0.38	0.39	6.34	9.83	0.3	0.48	368	8.8	26.72	73.68	-0.11	-1.14	107.48	31.03	0.88	0.34	0.11	0.88	0.32
169	fg3_m12	1	0.78	5	58.58	0.03	0.06	15.55	0.54	0.58	4.09	12.68	0.68	0.48	756	11.55	-26.99	85.24	0.06	-1.02	94.94	26.01	0.44	0.14	0.06	0.44	0.47
170	fg3_m12	1	0.78	6	71.15	0.02	0.04	8.33	0.63	0.7	4.76	6.73	0.3	0.48	617	12.88	13.32	86.93	-0.1	-1.22	91.92	18.52	0.31	-0.36	0.1	0.31	0.24
171	fg3_m12	1	0.98	0	74.56	0.04	0.05	7.69	0.26	0.29	6.65	5.59	0.43	0.64	368	8.04	-3.21	51.17	-0.01	-1.19	93.82	26.55	0.61	-0.05	0.01	0.61	-0.08
172	fg3_m12	1	0.98	1	85.46	0.03	0.05	10.46	0.68	0.71	15.98	42.93	0.3	0.48	870	16.31	-5.38	94.17	0.02	-1.23	83.99	20.94	0.46	1.17	0.02	0.46	0.48
173	fg3_m12	1	0.98	2	56.76	0.03	0.05	14.97	0.57	0.5	3.38	9.32	0.3	0.48	751	12.27	-13.54	87.33	0.06	-1.05	88.64	24.69	0.75	0.36	0.06	0.75	1.1
174	fg3_m12	1	0.98	3	67.46	0.03	0.08	13.9	0.37	0.33	2.44	4.09	0.3	0.48	368	8.49	12.91	75.94	-0.05	-1.08	104.87	26.53	0.75	0.08	0.05	0.75	-0.52
175	fg3_m12	1	0.98	4	74.67	0.04	0.04	5.76	0.23	0.24	16.89	15.87	0.0	0.48	368	8.09	-8.18	43.41	0.04	-1.09	92.95	24.18	0.47	-0.22	0.04	0.47	0.74
176	fg3_m12	1	0.98	5	57.98	0.03	0.07	9.12	0.54	0.6	17.7	29.56	0.0	0.21	742	12.6	-16.72	82.35	0.09	-0.93	90.73	23.69	0.85	0.42	0.09	0.85	-0.91
177	fg3_m12	1	0.98	6	70.1	0.02	0.03	9.61	0.67	0.68	2.97	5.23	0.43	0.64	872	15.19	7.08	93.51	-0.13	-1.27	81.81	21.04	0.42	0.01	0.13	0.42	0.52
178	fg3_m12	1	1.17	1	83.16	0.03	0.06	9.63	0.58	0.65	13.1	5.72	0.3	0.48	636	12.73	-0.72	89.58	0.04	-1.0	94.8	24.68	0.62	0.71	0.04	0.62	1.37
179	fg3_m12	1	1.17	2	53.33	0.03	0.05	14.97	0.5	0.57	3.17	9.14	0.3	0.21	761	11.51	-11.17	86.51	0.03	-1.01	91.78	25.91	1.13	1.07	0.03	1.13	-0.49
180	fg3_m12	1	1.17	4	74.62	0.03	0.05	5.34	0.09	0.07	10.83	6.81	0.3	0.21	368	4.81	-2.0	39.59	-0.02	-1.05	95.86	24.33	0.33	-0.67	0.02	0.33	0.22
181	fg3_m12	1	1.17	5	59.71	0.04	0.07	15.66	0.54	0.58	23.26	37.39	0.43	0.77	730	12.94	0.98	83.43	-0.09	-0.99	91.12	25.43	0.92	0.62	0.09	0.92	1.29
182	fg3_m12	1	1.17	6	64.36	0.03	0.05	11.41	0.66	0.75	7.31	12.96	0.0	0.48	786	15.55	-6.07	97.77	0.07	-1.28	88.2	21.17	0.94	0.73	0.07	0.94	1.16
183	fg3_m12	1	1.37	0	81.75	0.03	0.05	9.98	0.1	0.32	29.91	22.41	0.3	0.48	368	4.21	6.05	53.87	-0.03	-1.16	103.29	32.18	0.71	-0.37	0.03	0.71	1.08
184	fg3_m12	1	1.37	1	82.87	0.03	0.05	7.71	0.6	0.7	5.11	9.54	0.0	0.48	657	13.85	2.01	90.81	-0.14	-1.0	97.0	26.29	1.02	0.95	0.14	1.02	-0.27
185	fg3_m12	1	1.37	2	54.22	0.03	0.04	7.14	0.5	0.38	2.47	3.85	0.3	0.48	368	10.56	5.99	81.14	0.09	-1.02	104.91	26.42	0.52	-0.19	0.09	0.52	0.16
186	fg3_m12	1	1.37	3	59.71	0.03	0.08	11.41	0.37	0.36	2.77	5.39	0.3	0.48	368	9.41	-19.3	70.55	-0.07	-1.02	106.96	30.31	0.52	-0.52	0.07	0.52	-1.07
187	fg3_m12	1	1.37	4	68.49	0.05	0.05	5.49	0.14	0.26	18.64	5.82	0.0	0.48	368	6.39	8.56	39.0	-0.16	-1.03	95.7	25.65	0.3	-0.79	0.16	0.3	-1.32
188	fg3_m12	1	1.37	5	53.41	0.03	0.08	19.08	0.5	0.6	10.44	14.19	0.61	0.77	368	10.76	13.32	78.51	-0.03	-0.96	107.26	28.16	0.69	0.01	0.03	0.69	0.22
189	fg3_m12	1	1.37	6	67.21	0.03	0.05	9.88	0.68	0.74	3.33	4.52	0.3	0.64	803	16.42	-15.21	98.13	-0.09	-1.27	88.8	18.22	0.92	0.58	0.09	0.92	1.11
190	fg3_m12	1	1.56	0	81.47	0.03	0.05	11.0	0.24	-0.19	11.73	16.03	0.3	0.48	368	7.71	2.35	56.37	0.02	-1.18	101.52	29.3	0.55	-0.48	0.02	0.55	0.2
191	fg3_m12	1	1.56	1	89.96	0.03	0.06	11.23	0.55	0.66	8.86	6.14	0.3	0.48	659	12.39	26.7	89.53	0.05	-1.01	94.96	27.81	0.91	0.74	0.05	0.91	-0.04
192	fg3_m12	1	1.56	2	54.14	0.02	0.05	11.39	0.51	0.49	9.9	22.23	0.3	0.77	761	11.53	12.41	84.9	-0.08	-1.12	87.43	29.11	1.23	1.25	0.08	1.23	-0.74
193	fg3_m12	1	1.56	3	59.26	0.04	0.07	10.77	0.44	0.4	2.8	4.28	0.0	0.48	368	10.56	-33.83	72.15	-0.06	-1.12	110.11	35.72	0.84	-0.1	0.06	0.84	-1.18
194	fg3_m12	1	1.56	4	74.2	0.05	0.05	6.85	0.16	-0.1	33.35	43.4	0.0	0.21	368	5.26	18.52	34.73	-0.11	-0.96	90.94	19.84	0.15	-0.87	0.11	0.15	-0.81
195	fg3_m12	1	1.56	5	53.01	0.02	0.03	6.92	0.61	0.66	15.06	23.18	0.3	0.48	700	13.61	6.03	84.26	-0.04	-1.0	90.78	22.42	1.04	0.87	0.04	1.04	1.97
196	fg3_m12	1	1.56	6	64.82	0.02	0.04	10.36	0.68	0.76	2.96	4.3	0.43	0.64	791	16.41	-49.23	96.79	0.04	-1.32	88.97	21.35	0.8	0.23	0.04	0.8	1.36
